<?xml version="1.0" encoding="utf-8"?>
<COLLADA xmlns="http://www.collada.org/2005/11/COLLADASchema" version="1.4.1">
  <asset>
    <contributor>
      <author>Mixamo</author>
      <authoring_tool>COLLADA Mixamo exporter</authoring_tool>
      <comments/>
    </contributor>
    <created>2025-01-03T22:46:31Z</created>
    <modified>2025-01-03T22:46:31Z</modified>
    <revision/>
    <title/>
    <unit meter="0.010000"/>
    <up_axis>Y_UP</up_axis>
  </asset>
  <library_animations>
    <animation id="mixamorig_Hips-anim" name="mixamorig_Hips">
      <source id="mixamorig_Hips-Matrix-animation-input">
        <float_array id="mixamorig_Hips-Matrix-animation-input-array" count="44">

0.000000 0.033333 0.066667 0.100000 0.133333 0.166667 0.200000 0.233333 0.266667 0.300000 0.333333 0.366667 0.400000 0.433333 0.466667 0.500000
0.533333 0.566667 0.600000 0.633333 0.666667 0.700000 0.733333 0.766667 0.800000 0.833333 0.866667 0.900000 0.933333 0.966667 1.000000 1.033333
1.066667 1.100000 1.133333 1.166667 1.200000 1.233333 1.266667 1.300000 1.333333 1.366667 1.400000 1.433333</float_array>
        <technique_common>
          <accessor source="#mixamorig_Hips-Matrix-animation-input-array" count="44">
            <param name="TIME" type="float"/>
          </accessor>
        </technique_common>
      </source>
      <source id="mixamorig_Hips-Matrix-animation-output-transform">
        <float_array id="mixamorig_Hips-Matrix-animation-output-transform-array" count="704">

0.519527 -0.331475 -0.787538 0.088640 -0.054362 0.906996 -0.417616 45.006111 0.852723 0.259775 0.453189 1.445024 0.000000 0.000000 0.000000 1.000000
0.509356 -0.342848 -0.789311 0.020360 -0.055021 0.902359 -0.427459 45.316353 0.858795 0.261158 0.440758 0.969053 0.000000 0.000000 0.000000 1.000000
0.495390 -0.354480 -0.793053 -0.076499 -0.057993 0.897417 -0.437355 45.739838 0.866733 0.262653 0.424014 0.450124 0.000000 0.000000 0.000000 1.000000
0.479124 -0.365851 -0.797868 -0.198327 -0.062388 0.892502 -0.446709 46.230621 0.875527 0.263806 0.404794 -0.096379 0.000000 0.000000 0.000000 1.000000
0.459246 -0.375376 -0.805100 -0.369537 -0.069179 0.888463 -0.453705 46.857910 0.885612 0.264058 0.382054 -0.680977 0.000000 0.000000 0.000000 1.000000
0.434647 -0.379032 -0.816956 -0.610925 -0.079813 0.887342 -0.454151 47.723370 0.897057 0.262599 0.355429 -1.321721 0.000000 0.000000 0.000000 1.000000
0.407337 -0.379962 -0.830485 -0.921159 -0.092074 0.887627 -0.451265 48.826538 0.908625 0.260283 0.326579 -1.978149 0.000000 0.000000 0.000000 1.000000
0.377830 -0.381893 -0.843446 -1.325992 -0.104716 0.887502 -0.448749 50.173058 0.919934 0.257873 0.295335 -2.632211 0.000000 0.000000 0.000000 1.000000
0.344224 -0.384941 -0.856347 -1.875883 -0.117652 0.887213 -0.446107 51.768852 0.931487 0.254312 0.260111 -3.266779 0.000000 0.000000 0.000000 1.000000
0.306184 -0.389633 -0.868584 -2.552843 -0.119120 0.889552 -0.441030 53.492599 0.944490 0.238502 0.225954 -3.863956 0.000000 0.000000 0.000000 1.000000
0.263798 -0.390406 -0.882040 -3.279576 -0.101518 0.898115 -0.427883 55.198685 0.959221 0.202418 0.197288 -4.401151 0.000000 0.000000 0.000000 1.000000
0.216607 -0.388823 -0.895488 -4.013192 -0.067435 0.909115 -0.411051 56.704880 0.973927 0.149424 0.170700 -4.939263 0.000000 0.000000 0.000000 1.000000
0.170017 -0.385140 -0.907062 -4.784195 -0.031197 0.917898 -0.395588 58.061882 0.984947 0.095554 0.144043 -5.437430 0.000000 0.000000 0.000000 1.000000
0.124594 -0.382489 -0.915521 -5.613716 0.000641 0.922742 -0.385418 59.237976 0.992208 0.047434 0.115214 -5.623374 0.000000 0.000000 0.000000 1.000000
0.071277 -0.386266 -0.919630 -6.490685 0.024301 0.922373 -0.385535 60.227394 0.997161 0.005132 0.075130 -5.250319 0.000000 0.000000 0.000000 1.000000
-0.001410 -0.398865 -0.917008 -7.501861 0.038719 0.916300 -0.398617 61.052780 0.999249 -0.036068 0.014151 -4.348835 0.000000 0.000000 0.000000 1.000000
-0.090246 -0.415698 -0.905014 -8.643882 0.044272 0.906150 -0.420634 61.789230 0.994935 -0.078027 -0.063373 -3.143912 0.000000 0.000000 0.000000 1.000000
-0.187659 -0.432207 -0.882033 -9.843169 0.041846 0.893653 -0.446804 62.459164 0.981343 -0.120756 -0.149616 -1.823613 0.000000 0.000000 0.000000 1.000000
-0.290275 -0.447428 -0.845901 -11.084490 0.029946 0.879281 -0.475361 63.035988 0.956475 -0.163317 -0.241835 -0.412569 0.000000 0.000000 0.000000 1.000000
-0.386948 -0.458778 -0.799871 -12.276260 0.012780 0.864692 -0.502139 63.500679 0.922013 -0.204524 -0.328728 0.985503 0.000000 0.000000 0.000000 1.000000
-0.471270 -0.466584 -0.748468 -13.362902 -0.007851 0.850799 -0.525432 63.770367 0.881954 -0.241744 -0.404619 2.294436 0.000000 0.000000 0.000000 1.000000
-0.544065 -0.471592 -0.693970 -14.403969 -0.031621 0.838034 -0.544701 63.882973 0.838447 -0.274409 -0.470857 3.374566 0.000000 0.000000 0.000000 1.000000
-0.603934 -0.474005 -0.640767 -15.362210 -0.055796 0.827111 -0.559263 63.825176 0.795079 -0.302005 -0.525968 4.163222 0.000000 0.000000 0.000000 1.000000
-0.645021 -0.473908 -0.599466 -16.078098 -0.075047 0.819964 -0.567474 63.386688 0.760471 -0.321044 -0.564459 4.425244 0.000000 0.000000 0.000000 1.000000
-0.675445 -0.472449 -0.566186 -16.587263 -0.090485 0.815102 -0.572208 62.721992 0.731838 -0.335263 -0.593306 4.430836 0.000000 0.000000 0.000000 1.000000
-0.699548 -0.470179 -0.538112 -16.790230 -0.102919 0.811482 -0.575243 61.881443 0.707135 -0.347029 -0.616061 4.279184 0.000000 0.000000 0.000000 1.000000
-0.720100 -0.466740 -0.513429 -16.705788 -0.112840 0.808872 -0.577055 60.911552 0.684633 -0.357602 -0.635136 4.060180 0.000000 0.000000 0.000000 1.000000
-0.739367 -0.460877 -0.490845 -16.465254 -0.120213 0.807658 -0.577268 59.886017 0.662484 -0.367807 -0.652559 3.806753 0.000000 0.000000 0.000000 1.000000
-0.757982 -0.450529 -0.471686 -15.931745 -0.123520 0.809196 -0.574408 58.813293 0.640474 -0.377128 -0.669005 3.524174 0.000000 0.000000 0.000000 1.000000
-0.775829 -0.433454 -0.458483 -14.955438 -0.120519 0.815092 -0.566658 57.654514 0.619326 -0.384374 -0.684611 3.230711 0.000000 0.000000 0.000000 1.000000
-0.792890 -0.410900 -0.449984 -13.721098 -0.112740 0.824618 -0.554342 56.432751 0.598844 -0.388802 -0.700156 2.966190 0.000000 0.000000 0.000000 1.000000
-0.808691 -0.386126 -0.443763 -12.449491 -0.103703 0.836167 -0.538582 55.154213 0.579020 -0.389527 -0.716243 2.762906 0.000000 0.000000 0.000000 1.000000
-0.820534 -0.365666 -0.439332 -11.130820 -0.099315 0.848117 -0.520418 53.735748 0.562904 -0.383388 -0.732225 2.576046 0.000000 0.000000 0.000000 1.000000
-0.827983 -0.352241 -0.436315 -9.794022 -0.101921 0.859659 -0.500599 52.202919 0.551413 -0.370018 -0.747683 2.353753 0.000000 0.000000 0.000000 1.000000
-0.833445 -0.341657 -0.434327 -8.493831 -0.104649 0.869328 -0.483030 50.711243 0.542603 -0.357127 -0.760291 2.112512 0.000000 0.000000 0.000000 1.000000
-0.838435 -0.329912 -0.433803 -7.270118 -0.102197 0.877019 -0.469462 49.340370 0.535334 -0.349280 -0.769039 1.880860 0.000000 0.000000 0.000000 1.000000
-0.841506 -0.316315 -0.437963 -6.186247 -0.094013 0.884042 -0.457855 48.206009 0.532004 -0.344114 -0.773665 1.657145 0.000000 0.000000 0.000000 1.000000
-0.842018 -0.304767 -0.445111 -5.258705 -0.086046 0.890433 -0.446906 47.353367 0.532544 -0.338003 -0.775984 1.443614 0.000000 0.000000 0.000000 1.000000
-0.842464 -0.294985 -0.450819 -4.422596 -0.079832 0.895898 -0.437027 46.661617 0.532805 -0.332190 -0.778312 1.219616 0.000000 0.000000 0.000000 1.000000
-0.844004 -0.285464 -0.454057 -3.670022 -0.073062 0.899891 -0.429951 46.135590 0.531337 -0.329706 -0.780369 0.965099 0.000000 0.000000 0.000000 1.000000
-0.845849 -0.276733 -0.456024 -2.977032 -0.066180 0.902740 -0.425065 45.734123 0.529301 -0.329361 -0.781896 0.696599 0.000000 0.000000 0.000000 1.000000
-0.847578 -0.268812 -0.457549 -2.311897 -0.059793 0.905094 -0.420986 45.378292 0.527291 -0.329460 -0.783211 0.434661 0.000000 0.000000 0.000000 1.000000
-0.848985 -0.263476 -0.458045 -1.716433 -0.055591 0.906548 -0.418426 45.110115 0.525485 -0.329774 -0.784292 0.202127 0.000000 0.000000 0.000000 1.000000
-0.849541 -0.261825 -0.457961 -1.443640 -0.054362 0.906964 -0.417685 45.006077 0.524715 -0.329944 -0.784737 0.097535 0.000000 0.000000 0.000000 1.000000</float_array>
        <technique_common>
          <accessor source="#mixamorig_Hips-Matrix-animation-output-transform-array" count="44" stride="16">
            <param type="float4x4"/>
          </accessor>
        </technique_common>
      </source>
      <source id="mixamorig_Hips-Interpolations">
        <Name_array id="mixamorig_Hips-Interpolations-array" count="44">
 LINEAR LINEAR LINEAR LINEAR LINEAR LINEAR LINEAR LINEAR LINEAR LINEAR LINEAR
LINEAR LINEAR LINEAR LINEAR LINEAR LINEAR LINEAR LINEAR LINEAR LINEAR LINEAR LINEAR
LINEAR LINEAR LINEAR LINEAR LINEAR LINEAR LINEAR LINEAR LINEAR LINEAR LINEAR LINEAR
LINEAR LINEAR LINEAR LINEAR LINEAR LINEAR LINEAR LINEAR LINEAR</Name_array>
        <technique_common>
          <accessor source="#mixamorig_Hips-Interpolations-array" count="44">
            <param type="name"/>
          </accessor>
        </technique_common>
      </source>
      <sampler id="mixamorig_Hips-Matrix-animation-transform">
        <input semantic="INPUT" source="#mixamorig_Hips-Matrix-animation-input"/>
        <input semantic="OUTPUT" source="#mixamorig_Hips-Matrix-animation-output-transform"/>
        <input semantic="INTERPOLATION" source="#mixamorig_Hips-Interpolations"/>
      </sampler>
      <channel source="#mixamorig_Hips-Matrix-animation-transform" target="mixamorig_Hips/matrix"/>
    </animation>
    <animation id="mixamorig_Spine-anim" name="mixamorig_Spine">
      <source id="mixamorig_Spine-Matrix-animation-input">
        <float_array id="mixamorig_Spine-Matrix-animation-input-array" count="44">

0.000000 0.033333 0.066667 0.100000 0.133333 0.166667 0.200000 0.233333 0.266667 0.300000 0.333333 0.366667 0.400000 0.433333 0.466667 0.500000
0.533333 0.566667 0.600000 0.633333 0.666667 0.700000 0.733333 0.766667 0.800000 0.833333 0.866667 0.900000 0.933333 0.966667 1.000000 1.033333
1.066667 1.100000 1.133333 1.166667 1.200000 1.233333 1.266667 1.300000 1.333333 1.366667 1.400000 1.433333</float_array>
        <technique_common>
          <accessor source="#mixamorig_Spine-Matrix-animation-input-array" count="44">
            <param name="TIME" type="float"/>
          </accessor>
        </technique_common>
      </source>
      <source id="mixamorig_Spine-Matrix-animation-output-transform">
        <float_array id="mixamorig_Spine-Matrix-animation-output-transform-array" count="704">

0.999815 0.017402 -0.008165 0.000000 -0.017094 0.999194 0.036325 10.871300 0.008791 -0.036179 0.999307 -0.951400 0.000000 0.000000 0.000000 1.000000
0.999750 0.022173 -0.003009 0.000000 -0.022038 0.998980 0.039407 10.871300 0.003879 -0.039331 0.999219 -0.951400 0.000000 0.000000 0.000000 1.000000
0.999658 0.026068 0.002037 0.000000 -0.026131 0.998749 0.042644 10.871300 -0.000923 -0.042682 0.999088 -0.951400 0.000000 0.000000 0.000000 1.000000
0.999571 0.028376 0.007244 0.000000 -0.028690 0.998454 0.047613 10.871300 -0.005881 -0.047800 0.998840 -0.951400 0.000000 0.000000 0.000000 1.000000
0.999509 0.028947 0.012016 0.000000 -0.029519 0.998284 0.050566 10.871300 -0.010532 -0.050896 0.998648 -0.951400 0.000000 0.000000 0.000000 1.000000
0.999516 0.026971 0.015494 -0.000000 -0.027669 0.998522 0.046782 10.871300 -0.014210 -0.047188 0.998785 -0.951400 0.000000 0.000000 0.000000 1.000000
0.999665 0.019561 0.016952 0.000000 -0.020170 0.999129 0.036519 10.871300 -0.016223 -0.036848 0.999189 -0.951400 0.000000 0.000000 0.000000 1.000000
0.999899 0.002386 0.014013 0.000000 -0.002752 0.999655 0.026130 10.871300 -0.013946 -0.026166 0.999560 -0.951400 0.000000 0.000000 0.000000 1.000000
0.999702 -0.022611 0.009173 0.000000 0.022459 0.999615 0.016305 10.871300 -0.009538 -0.016094 0.999825 -0.951400 0.000000 0.000000 0.000000 1.000000
0.998970 -0.045368 0.000616 0.000000 0.045360 0.998928 0.009281 10.871300 -0.001036 -0.009243 0.999957 -0.951400 0.000000 0.000000 0.000000 1.000000
0.998226 -0.058350 -0.011849 0.000000 0.058373 0.998294 0.001600 10.871300 0.011735 -0.002289 0.999929 -0.951400 0.000000 0.000000 0.000000 1.000000
0.997945 -0.058902 -0.025239 -0.000000 0.058841 0.998262 -0.003157 10.871300 0.025381 0.001665 0.999676 -0.951400 0.000000 0.000000 0.000000 1.000000
0.997554 -0.057996 -0.039020 0.000000 0.057704 0.998297 -0.008572 10.871300 0.039451 0.006300 0.999202 -0.951400 0.000000 0.000000 0.000000 1.000000
0.996525 -0.064184 -0.053092 0.000000 0.063372 0.997848 -0.016836 10.871300 0.054058 0.013413 0.998448 -0.951400 0.000000 0.000000 0.000000 1.000000
0.995297 -0.072571 -0.064162 0.000000 0.071217 0.997192 -0.023138 10.871300 0.065661 0.018459 0.997671 -0.951400 0.000000 0.000000 0.000000 1.000000
0.994719 -0.076111 -0.068862 0.000000 0.074587 0.996915 -0.024443 10.871300 0.070510 0.019178 0.997327 -0.951400 0.000000 0.000000 0.000000 1.000000
0.994859 -0.074822 -0.068242 0.000000 0.073457 0.997049 -0.022301 10.871300 0.069709 0.017174 0.997420 -0.951400 0.000000 0.000000 0.000000 1.000000
0.995467 -0.070109 -0.064264 -0.000000 0.069045 0.997440 -0.018628 10.871300 0.065405 0.014106 0.997759 -0.951400 0.000000 0.000000 0.000000 1.000000
0.996407 -0.062086 -0.057613 -0.000000 0.061392 0.998019 -0.013736 10.871300 0.058352 0.010150 0.998244 -0.951400 0.000000 0.000000 0.000000 1.000000
0.997238 -0.053621 -0.051396 0.000000 0.053260 0.998546 -0.008362 10.871300 0.051770 0.005602 0.998643 -0.951400 0.000000 0.000000 0.000000 1.000000
0.997842 -0.045545 -0.047289 0.000000 0.045495 0.998962 -0.002140 10.871300 0.047338 -0.000016 0.998879 -0.951400 0.000000 0.000000 0.000000 1.000000
0.998277 -0.039451 -0.043445 0.000000 0.039713 0.999198 0.005180 10.871300 0.043205 -0.006896 0.999042 -0.951400 0.000000 0.000000 0.000000 1.000000
0.998605 -0.035386 -0.039202 0.000000 0.035989 0.999243 0.014786 10.871300 0.038649 -0.016176 0.999122 -0.951400 0.000000 0.000000 0.000000 1.000000
0.998880 -0.032920 -0.033973 -0.000000 0.033944 0.998974 0.029994 10.871300 0.032951 -0.031113 0.998973 -0.951400 0.000000 0.000000 0.000000 1.000000
0.999134 -0.030539 -0.028275 -0.000000 0.031887 0.998314 0.048503 10.871300 0.026746 -0.049363 0.998423 -0.951400 0.000000 0.000000 0.000000 1.000000
0.999384 -0.026578 -0.022904 0.000000 0.028093 0.997250 0.068573 10.871300 0.021019 -0.069174 0.997383 -0.951400 0.000000 0.000000 0.000000 1.000000
0.999607 -0.020979 -0.018591 0.000000 0.022541 0.995846 0.088221 10.871300 0.016663 -0.088606 0.995927 -0.951400 0.000000 0.000000 0.000000 1.000000
0.999804 -0.013183 -0.014783 -0.000000 0.014669 0.994319 0.105423 10.871300 0.013309 -0.105620 0.994318 -0.951400 0.000000 0.000000 0.000000 1.000000
0.999929 -0.001990 -0.011724 -0.000000 0.003339 0.993216 0.116239 10.871300 0.011413 -0.116270 0.993152 -0.951400 0.000000 0.000000 0.000000 1.000000
0.999868 0.012820 -0.009970 0.000000 -0.011557 0.992975 0.117759 10.871300 0.011409 -0.117628 0.992992 -0.951400 0.000000 0.000000 0.000000 1.000000
0.999577 0.027744 -0.008700 -0.000000 -0.026580 0.993199 0.113352 10.871300 0.011786 -0.113073 0.993517 -0.951400 0.000000 0.000000 0.000000 1.000000
0.999215 0.038902 -0.007423 0.000000 -0.037897 0.993636 0.106075 10.871300 0.011503 -0.105711 0.994330 -0.951400 0.000000 0.000000 0.000000 1.000000
0.999062 0.042784 -0.006725 -0.000000 -0.041931 0.994404 0.096969 10.871300 0.010836 -0.096596 0.995265 -0.951400 0.000000 0.000000 0.000000 1.000000
0.999199 0.039524 -0.006244 -0.000000 -0.038836 0.995491 0.086543 10.871300 0.009636 -0.086231 0.996229 -0.951400 0.000000 0.000000 0.000000 1.000000
0.999348 0.035616 -0.005849 0.000000 -0.035055 0.996366 0.077631 10.871300 0.008593 -0.077375 0.996965 -0.951400 0.000000 0.000000 0.000000 1.000000
0.999388 0.034293 -0.006941 0.000000 -0.033723 0.996966 0.070156 10.871300 0.009326 -0.069879 0.997512 -0.951400 0.000000 0.000000 0.000000 1.000000
0.999427 0.032632 -0.009034 -0.000000 -0.032002 0.997511 0.062824 10.871300 0.011062 -0.062498 0.997984 -0.951400 0.000000 0.000000 0.000000 1.000000
0.999558 0.027557 -0.011113 0.000000 -0.026919 0.998180 0.053957 10.871300 0.012580 -0.053634 0.998481 -0.951400 0.000000 0.000000 0.000000 1.000000
0.999665 0.022776 -0.012323 -0.000000 -0.022189 0.998701 0.045861 10.871300 0.013352 -0.045572 0.998872 -0.951400 0.000000 0.000000 0.000000 1.000000
0.999699 0.021378 -0.012044 -0.000000 -0.020857 0.998906 0.041862 10.871300 0.012926 -0.041598 0.999051 -0.951400 0.000000 0.000000 0.000000 1.000000
0.999711 0.021356 -0.011045 -0.000000 -0.020897 0.998975 0.040161 10.871300 0.011892 -0.039919 0.999132 -0.951400 0.000000 0.000000 0.000000 1.000000
0.999728 0.021083 -0.009956 -0.000000 -0.020682 0.999032 0.038823 10.871300 0.010765 -0.038606 0.999197 -0.951400 0.000000 0.000000 0.000000 1.000000
0.999779 0.019090 -0.008773 -0.000000 -0.018751 0.999130 0.037254 10.871300 0.009477 -0.037081 0.999267 -0.951400 0.000000 0.000000 0.000000 1.000000
0.999815 0.017400 -0.008168 -0.000000 -0.017092 0.999194 0.036326 10.871300 0.008793 -0.036180 0.999307 -0.951400 0.000000 0.000000 0.000000 1.000000</float_array>
        <technique_common>
          <accessor source="#mixamorig_Spine-Matrix-animation-output-transform-array" count="44" stride="16">
            <param type="float4x4"/>
          </accessor>
        </technique_common>
      </source>
      <source id="mixamorig_Spine-Interpolations">
        <Name_array id="mixamorig_Spine-Interpolations-array" count="44">
 LINEAR LINEAR LINEAR LINEAR LINEAR LINEAR LINEAR LINEAR LINEAR LINEAR LINEAR
LINEAR LINEAR LINEAR LINEAR LINEAR LINEAR LINEAR LINEAR LINEAR LINEAR LINEAR LINEAR
LINEAR LINEAR LINEAR LINEAR LINEAR LINEAR LINEAR LINEAR LINEAR LINEAR LINEAR LINEAR
LINEAR LINEAR LINEAR LINEAR LINEAR LINEAR LINEAR LINEAR LINEAR</Name_array>
        <technique_common>
          <accessor source="#mixamorig_Spine-Interpolations-array" count="44">
            <param type="name"/>
          </accessor>
        </technique_common>
      </source>
      <sampler id="mixamorig_Spine-Matrix-animation-transform">
        <input semantic="INPUT" source="#mixamorig_Spine-Matrix-animation-input"/>
        <input semantic="OUTPUT" source="#mixamorig_Spine-Matrix-animation-output-transform"/>
        <input semantic="INTERPOLATION" source="#mixamorig_Spine-Interpolations"/>
      </sampler>
      <channel source="#mixamorig_Spine-Matrix-animation-transform" target="mixamorig_Spine/matrix"/>
    </animation>
    <animation id="mixamorig_Spine1-anim" name="mixamorig_Spine1">
      <source id="mixamorig_Spine1-Matrix-animation-input">
        <float_array id="mixamorig_Spine1-Matrix-animation-input-array" count="44">

0.000000 0.033333 0.066667 0.100000 0.133333 0.166667 0.200000 0.233333 0.266667 0.300000 0.333333 0.366667 0.400000 0.433333 0.466667 0.500000
0.533333 0.566667 0.600000 0.633333 0.666667 0.700000 0.733333 0.766667 0.800000 0.833333 0.866667 0.900000 0.933333 0.966667 1.000000 1.033333
1.066667 1.100000 1.133333 1.166667 1.200000 1.233333 1.266667 1.300000 1.333333 1.366667 1.400000 1.433333</float_array>
        <technique_common>
          <accessor source="#mixamorig_Spine1-Matrix-animation-input-array" count="44">
            <param name="TIME" type="float"/>
          </accessor>
        </technique_common>
      </source>
      <source id="mixamorig_Spine1-Matrix-animation-output-transform">
        <float_array id="mixamorig_Spine1-Matrix-animation-output-transform-array" count="704">

0.998464 0.047846 -0.027921 0.000000 -0.051018 0.990599 -0.126927 12.731600 0.021586 0.128157 0.991519 0.000000 0.000000 0.000000 0.000000 1.000000
0.998693 0.045132 -0.024008 -0.000000 -0.047822 0.990776 -0.126793 12.731600 0.018064 0.127776 0.991639 -0.000000 0.000000 0.000000 0.000000 1.000000
0.998910 0.042127 -0.020120 -0.000000 -0.044349 0.990905 -0.127043 12.731600 0.014585 0.127797 0.991693 0.000000 0.000000 0.000000 0.000000 1.000000
0.999131 0.038498 -0.015999 0.000000 -0.040235 0.990931 -0.128203 12.731600 0.010918 0.128736 0.991619 0.000000 0.000000 0.000000 0.000000 1.000000
0.999341 0.034098 -0.012474 0.000000 -0.035435 0.990841 -0.130304 12.731600 0.007917 0.130660 0.991396 -0.000000 0.000000 0.000000 0.000000 1.000000
0.999541 0.028352 -0.010672 0.000000 -0.029528 0.990534 -0.134057 12.731600 0.006770 0.134310 0.990916 0.000000 0.000000 0.000000 0.000000 1.000000
0.999707 0.021836 -0.010486 -0.000000 -0.023074 0.990176 -0.137908 12.731600 0.007371 0.138110 0.990390 0.000000 0.000000 0.000000 0.000000 1.000000
0.999775 0.015582 -0.014406 0.000000 -0.017465 0.989794 -0.141432 12.731600 0.012055 0.141652 0.989843 0.000000 0.000000 0.000000 0.000000 1.000000
0.999757 0.009034 -0.020087 0.000000 -0.011925 0.988793 -0.148819 12.731600 0.018517 0.149022 0.988660 0.000000 0.000000 0.000000 0.000000 1.000000
0.999550 0.009180 -0.028572 0.000000 -0.013560 0.987488 -0.157107 12.731600 0.026772 0.157424 0.987168 -0.000000 0.000000 0.000000 0.000000 1.000000
0.999008 0.017858 -0.040802 0.000000 -0.024383 0.985913 -0.165474 12.731600 0.037272 0.166305 0.985370 0.000000 0.000000 0.000000 0.000000 1.000000
0.998026 0.031501 -0.054334 0.000000 -0.040472 0.984116 -0.172853 12.731600 0.048026 0.174711 0.983448 0.000000 0.000000 0.000000 0.000000 1.000000
0.996760 0.044294 -0.067139 0.000000 -0.055596 0.982618 -0.177118 12.731600 0.058127 0.180276 0.981897 0.000000 0.000000 0.000000 0.000000 1.000000
0.995544 0.052499 -0.078335 0.000000 -0.065741 0.981941 -0.177399 12.731600 0.067607 0.181758 0.981016 0.000000 0.000000 0.000000 0.000000 1.000000
0.994624 0.057320 -0.086244 0.000000 -0.071713 0.982073 -0.174330 12.731600 0.074705 0.179577 0.980903 0.000000 0.000000 0.000000 0.000000 1.000000
0.994308 0.059604 -0.088316 0.000000 -0.073893 0.982918 -0.168560 12.731600 0.076761 0.174126 0.981727 0.000000 0.000000 0.000000 0.000000 1.000000
0.994532 0.060071 -0.085421 0.000000 -0.073293 0.984194 -0.161215 12.731600 0.074387 0.166594 0.983216 -0.000000 0.000000 0.000000 0.000000 1.000000
0.995083 0.059324 -0.079307 -0.000000 -0.070970 0.985645 -0.153188 12.731600 0.069081 0.158063 0.985010 0.000000 0.000000 0.000000 0.000000 1.000000
0.995903 0.057307 -0.069954 0.000000 -0.066969 0.987210 -0.144674 12.731600 0.060769 0.148766 0.987003 0.000000 0.000000 0.000000 0.000000 1.000000
0.996655 0.055065 -0.060395 0.000000 -0.062879 0.988682 -0.136215 12.731600 0.052211 0.139557 0.988837 -0.000000 0.000000 0.000000 0.000000 1.000000
0.997240 0.053009 -0.051990 -0.000000 -0.059308 0.989969 -0.128231 12.731600 0.044671 0.130960 0.990381 -0.000000 0.000000 0.000000 0.000000 1.000000
0.997676 0.051438 -0.044691 0.000000 -0.056517 0.991038 -0.121035 12.731600 0.038065 0.123279 0.991642 0.000000 0.000000 0.000000 0.000000 1.000000
0.997971 0.050885 -0.038266 0.000000 -0.054998 0.991785 -0.115491 12.731600 0.032075 0.117361 0.992571 0.000000 0.000000 0.000000 0.000000 1.000000
0.998105 0.052332 -0.032378 0.000000 -0.055693 0.991976 -0.113498 12.731600 0.026178 0.115086 0.993011 0.000000 0.000000 0.000000 0.000000 1.000000
0.998146 0.054679 -0.026750 -0.000000 -0.057374 0.991903 -0.113300 12.731600 0.020338 0.114624 0.993201 0.000000 0.000000 0.000000 0.000000 1.000000
0.998157 0.056742 -0.021500 0.000000 -0.058820 0.991840 -0.113109 12.731600 0.014906 0.114165 0.993350 -0.000000 0.000000 0.000000 0.000000 1.000000
0.998144 0.058539 -0.016774 0.000000 -0.060062 0.991806 -0.112757 12.731600 0.010036 0.113555 0.993481 0.000000 0.000000 0.000000 0.000000 1.000000
0.998098 0.060290 -0.012862 0.000000 -0.061356 0.991764 -0.112425 12.731600 0.005978 0.113000 0.993577 0.000000 0.000000 0.000000 0.000000 1.000000
0.998011 0.062106 -0.010792 -0.000000 -0.062926 0.991689 -0.112216 12.731600 0.003733 0.112672 0.993625 -0.000000 0.000000 0.000000 0.000000 1.000000
0.997874 0.064218 -0.011085 0.000000 -0.065059 0.991493 -0.112737 12.731600 0.003751 0.113218 0.993563 -0.000000 0.000000 0.000000 0.000000 1.000000
0.997731 0.066159 -0.012448 0.000000 -0.067151 0.991166 -0.114371 12.731600 0.004771 0.114948 0.993360 0.000000 0.000000 0.000000 0.000000 1.000000
0.997606 0.067742 -0.013900 0.000000 -0.068905 0.990758 -0.116836 12.731600 0.005857 0.117514 0.993054 -0.000000 0.000000 0.000000 0.000000 1.000000
0.997594 0.067714 -0.014837 0.000000 -0.069007 0.990396 -0.119804 12.731600 0.006583 0.120540 0.992687 -0.000000 0.000000 0.000000 0.000000 1.000000
0.997764 0.065103 -0.015102 0.000000 -0.066471 0.990148 -0.123240 12.731600 0.006930 0.123969 0.992262 0.000000 0.000000 0.000000 0.000000 1.000000
0.998000 0.061236 -0.015715 0.000000 -0.062720 0.990229 -0.124551 12.731600 0.007935 0.125287 0.992089 0.000000 0.000000 0.000000 0.000000 1.000000
0.998104 0.058729 -0.018430 0.000000 -0.060558 0.990540 -0.123139 12.731600 0.011024 0.124022 0.992218 0.000000 0.000000 0.000000 0.000000 1.000000
0.998062 0.058240 -0.021895 0.000000 -0.060493 0.990630 -0.122448 12.731600 0.014559 0.123535 0.992233 -0.000000 0.000000 0.000000 0.000000 1.000000
0.998040 0.057550 -0.024564 0.000000 -0.060154 0.990539 -0.123342 12.731600 0.017233 0.124577 0.992060 -0.000000 0.000000 0.000000 0.000000 1.000000
0.998072 0.056156 -0.026446 0.000000 -0.059027 0.990463 -0.124497 12.731600 0.019203 0.125818 0.991867 0.000000 0.000000 0.000000 0.000000 1.000000
0.998128 0.054696 -0.027367 -0.000000 -0.057710 0.990438 -0.125307 12.731600 0.020252 0.126651 0.991741 -0.000000 0.000000 0.000000 0.000000 1.000000
0.998201 0.053129 -0.027772 0.000000 -0.056218 0.990459 -0.125822 12.731600 0.020822 0.127157 0.991664 -0.000000 0.000000 0.000000 0.000000 1.000000
0.998284 0.051416 -0.028024 -0.000000 -0.054559 0.990494 -0.126277 12.731600 0.021265 0.127589 0.991599 -0.000000 0.000000 0.000000 0.000000 1.000000
0.998398 0.049168 -0.028002 -0.000000 -0.052336 0.990558 -0.126711 12.731600 0.021508 0.127974 0.991544 -0.000000 0.000000 0.000000 0.000000 1.000000
0.998464 0.047845 -0.027921 -0.000000 -0.051018 0.990599 -0.126927 12.731600 0.021586 0.128157 0.991519 0.000000 0.000000 0.000000 0.000000 1.000000</float_array>
        <technique_common>
          <accessor source="#mixamorig_Spine1-Matrix-animation-output-transform-array" count="44" stride="16">
            <param type="float4x4"/>
          </accessor>
        </technique_common>
      </source>
      <source id="mixamorig_Spine1-Interpolations">
        <Name_array id="mixamorig_Spine1-Interpolations-array" count="44">
 LINEAR LINEAR LINEAR LINEAR LINEAR LINEAR LINEAR LINEAR LINEAR LINEAR LINEAR
LINEAR LINEAR LINEAR LINEAR LINEAR LINEAR LINEAR LINEAR LINEAR LINEAR LINEAR LINEAR
LINEAR LINEAR LINEAR LINEAR LINEAR LINEAR LINEAR LINEAR LINEAR LINEAR LINEAR LINEAR
LINEAR LINEAR LINEAR LINEAR LINEAR LINEAR LINEAR LINEAR LINEAR</Name_array>
        <technique_common>
          <accessor source="#mixamorig_Spine1-Interpolations-array" count="44">
            <param type="name"/>
          </accessor>
        </technique_common>
      </source>
      <sampler id="mixamorig_Spine1-Matrix-animation-transform">
        <input semantic="INPUT" source="#mixamorig_Spine1-Matrix-animation-input"/>
        <input semantic="OUTPUT" source="#mixamorig_Spine1-Matrix-animation-output-transform"/>
        <input semantic="INTERPOLATION" source="#mixamorig_Spine1-Interpolations"/>
      </sampler>
      <channel source="#mixamorig_Spine1-Matrix-animation-transform" target="mixamorig_Spine1/matrix"/>
    </animation>
    <animation id="mixamorig_Spine2-anim" name="mixamorig_Spine2">
      <source id="mixamorig_Spine2-Matrix-animation-input">
        <float_array id="mixamorig_Spine2-Matrix-animation-input-array" count="44">

0.000000 0.033333 0.066667 0.100000 0.133333 0.166667 0.200000 0.233333 0.266667 0.300000 0.333333 0.366667 0.400000 0.433333 0.466667 0.500000
0.533333 0.566667 0.600000 0.633333 0.666667 0.700000 0.733333 0.766667 0.800000 0.833333 0.866667 0.900000 0.933333 0.966667 1.000000 1.033333
1.066667 1.100000 1.133333 1.166667 1.200000 1.233333 1.266667 1.300000 1.333333 1.366667 1.400000 1.433333</float_array>
        <technique_common>
          <accessor source="#mixamorig_Spine2-Matrix-animation-input-array" count="44">
            <param name="TIME" type="float"/>
          </accessor>
        </technique_common>
      </source>
      <source id="mixamorig_Spine2-Matrix-animation-output-transform">
        <float_array id="mixamorig_Spine2-Matrix-animation-output-transform-array" count="704">

0.998464 0.047846 -0.027920 0.000000 -0.051019 0.990599 -0.126926 14.550400 0.021584 0.128156 0.991519 0.000000 0.000000 0.000000 0.000000 1.000000
0.998671 0.045694 -0.023819 -0.000000 -0.048353 0.990770 -0.126635 14.550400 0.017813 0.127618 0.991663 0.000000 0.000000 0.000000 0.000000 1.000000
0.998871 0.043250 -0.019671 -0.000000 -0.045401 0.990897 -0.126735 14.550400 0.014010 0.127485 0.991742 0.000000 0.000000 0.000000 0.000000 1.000000
0.999077 0.040200 -0.015151 0.000000 -0.041809 0.990926 -0.127740 14.550400 0.009878 0.128255 0.991692 -0.000000 0.000000 0.000000 0.000000 1.000000
0.999279 0.036326 -0.011017 0.000000 -0.037449 0.990842 -0.129732 14.550400 0.006204 0.130051 0.991488 0.000000 0.000000 0.000000 0.000000 1.000000
0.999487 0.030947 -0.008209 0.000000 -0.031767 0.990541 -0.133487 14.550400 0.004000 0.133679 0.991017 0.000000 0.000000 0.000000 0.000000 1.000000
0.999673 0.024673 -0.006724 0.000000 -0.025364 0.990181 -0.137469 14.550400 0.003266 0.137594 0.990483 0.000000 0.000000 0.000000 0.000000 1.000000
0.999795 0.018067 -0.009184 0.000000 -0.019185 0.989768 -0.141392 14.550400 0.006535 0.141539 0.989911 -0.000000 0.000000 0.000000 0.000000 1.000000
0.999854 0.010912 -0.013152 0.000000 -0.012754 0.988713 -0.149275 14.550400 0.011375 0.149421 0.988708 0.000000 0.000000 0.000000 0.000000 1.000000
0.999730 0.009910 -0.021012 -0.000000 -0.013110 0.987337 -0.158094 14.550400 0.019179 0.158327 0.987201 -0.000000 0.000000 0.000000 0.000000 1.000000
0.999281 0.016755 -0.034010 -0.000000 -0.022212 0.985702 -0.167028 14.550400 0.030725 0.167664 0.985365 0.000000 0.000000 0.000000 0.000000 1.000000
0.998387 0.028237 -0.049250 0.000000 -0.036456 0.983907 -0.174922 14.550400 0.043518 0.176436 0.983350 0.000000 0.000000 0.000000 0.000000 1.000000
0.997206 0.038907 -0.063764 0.000000 -0.049817 0.982479 -0.179592 14.550400 0.055660 0.182267 0.981672 0.000000 0.000000 0.000000 0.000000 1.000000
0.996078 0.045257 -0.076025 0.000000 -0.058368 0.981893 -0.180221 14.550400 0.066493 0.183952 0.980684 -0.000000 0.000000 0.000000 0.000000 1.000000
0.995219 0.048788 -0.084609 0.000000 -0.063231 0.982096 -0.177451 14.550400 0.074437 0.181953 0.980486 0.000000 0.000000 0.000000 0.000000 1.000000
0.994899 0.050751 -0.087179 0.000000 -0.065200 0.982963 -0.171853 14.550400 0.076972 0.176660 0.981258 0.000000 0.000000 0.000000 0.000000 1.000000
0.995066 0.051703 -0.084675 0.000000 -0.065142 0.984214 -0.164558 14.550400 0.074831 0.169262 0.982726 0.000000 0.000000 0.000000 0.000000 1.000000
0.995531 0.051954 -0.078862 0.000000 -0.063834 0.985613 -0.156502 14.550400 0.069597 0.160837 0.984524 0.000000 0.000000 0.000000 0.000000 1.000000
0.996240 0.051442 -0.069706 0.000000 -0.061317 0.987101 -0.147890 14.550400 0.061200 0.151608 0.986544 -0.000000 0.000000 0.000000 0.000000 1.000000
0.996891 0.050725 -0.060301 0.000000 -0.058727 0.988503 -0.139334 14.550400 0.052540 0.142442 0.988408 0.000000 0.000000 0.000000 0.000000 1.000000
0.997394 0.050000 -0.052006 -0.000000 -0.056460 0.989740 -0.131253 14.550400 0.044910 0.133847 0.989984 0.000000 0.000000 0.000000 0.000000 1.000000
0.997766 0.049561 -0.044805 0.000000 -0.054781 0.990774 -0.123959 14.550400 0.038248 0.126137 0.991275 0.000000 0.000000 0.000000 0.000000 1.000000
0.998009 0.049952 -0.038504 0.000000 -0.054190 0.991498 -0.118297 14.550400 0.032267 0.120148 0.992231 0.000000 0.000000 0.000000 0.000000 1.000000
0.998101 0.052129 -0.032816 0.000000 -0.055611 0.991678 -0.116110 14.550400 0.026490 0.117715 0.992694 0.000000 0.000000 0.000000 0.000000 1.000000
0.998105 0.055086 -0.027427 0.000000 -0.057905 0.991598 -0.115671 14.550400 0.020825 0.117040 0.992909 0.000000 0.000000 0.000000 0.000000 1.000000
0.998085 0.057649 -0.022411 -0.000000 -0.059857 0.991535 -0.115216 14.550400 0.015579 0.116337 0.993088 -0.000000 0.000000 0.000000 0.000000 1.000000
0.998046 0.059853 -0.017926 0.000000 -0.061519 0.991505 -0.114597 14.550400 0.010915 0.115476 0.993250 0.000000 0.000000 0.000000 0.000000 1.000000
0.997979 0.061909 -0.014292 0.000000 -0.063138 0.991471 -0.114014 14.550400 0.007111 0.114686 0.993376 0.000000 0.000000 0.000000 0.000000 1.000000
0.997882 0.063817 -0.012600 0.000000 -0.064837 0.991409 -0.113595 14.550400 0.005242 0.114171 0.993447 -0.000000 0.000000 0.000000 0.000000 1.000000
0.997745 0.065773 -0.013402 0.000000 -0.066874 0.991231 -0.113965 14.550400 0.005788 0.114604 0.993394 0.000000 0.000000 0.000000 0.000000 1.000000
0.997604 0.067486 -0.015257 -0.000000 -0.068800 0.990921 -0.115510 14.550400 0.007323 0.116282 0.993189 0.000000 0.000000 0.000000 0.000000 1.000000
0.997477 0.068897 -0.017089 0.000000 -0.070437 0.990518 -0.117951 14.550400 0.008801 0.118857 0.992872 0.000000 0.000000 0.000000 0.000000 1.000000
0.997466 0.068826 -0.018024 0.000000 -0.070507 0.990150 -0.120961 14.550400 0.009521 0.121925 0.992494 0.000000 0.000000 0.000000 0.000000 1.000000
0.997639 0.066304 -0.017870 0.000000 -0.068019 0.989889 -0.124472 14.550400 0.009436 0.125394 0.992062 0.000000 0.000000 0.000000 0.000000 1.000000
0.997885 0.062461 -0.018002 0.000000 -0.064236 0.989964 -0.125876 14.550400 0.009958 0.126767 0.991883 0.000000 0.000000 0.000000 0.000000 1.000000
0.998009 0.059654 -0.020490 0.000000 -0.061751 0.990279 -0.124640 14.550400 0.012855 0.125657 0.991990 0.000000 0.000000 0.000000 0.000000 1.000000
0.997987 0.058746 -0.023901 0.000000 -0.061271 0.990368 -0.124168 14.550400 0.016377 0.125382 0.991973 0.000000 0.000000 0.000000 0.000000 1.000000
0.997982 0.057768 -0.026361 0.000000 -0.060631 0.990265 -0.125292 14.550400 0.018866 0.126638 0.991770 -0.000000 0.000000 0.000000 0.000000 1.000000
0.998029 0.056191 -0.027936 0.000000 -0.059288 0.990211 -0.126361 14.550400 0.020562 0.127769 0.991591 0.000000 0.000000 0.000000 0.000000 1.000000
0.998096 0.054642 -0.028603 0.000000 -0.057844 0.990253 -0.126699 14.550400 0.021401 0.128112 0.991529 -0.000000 0.000000 0.000000 0.000000 1.000000
0.998178 0.053041 -0.028771 -0.000000 -0.056277 0.990341 -0.126716 14.550400 0.021772 0.128104 0.991522 -0.000000 0.000000 0.000000 0.000000 1.000000
0.998268 0.051307 -0.028790 0.000000 -0.054560 0.990434 -0.126746 14.550400 0.022011 0.128098 0.991517 0.000000 0.000000 0.000000 0.000000 1.000000
0.998391 0.049114 -0.028326 0.000000 -0.052326 0.990546 -0.126812 14.550400 0.021830 0.128091 0.991522 0.000000 0.000000 0.000000 0.000000 1.000000
0.998464 0.047848 -0.027918 -0.000000 -0.051019 0.990608 -0.126858 14.550400 0.021586 0.128087 0.991528 0.000000 0.000000 0.000000 0.000000 1.000000</float_array>
        <technique_common>
          <accessor source="#mixamorig_Spine2-Matrix-animation-output-transform-array" count="44" stride="16">
            <param type="float4x4"/>
          </accessor>
        </technique_common>
      </source>
      <source id="mixamorig_Spine2-Interpolations">
        <Name_array id="mixamorig_Spine2-Interpolations-array" count="44">
 LINEAR LINEAR LINEAR LINEAR LINEAR LINEAR LINEAR LINEAR LINEAR LINEAR LINEAR
LINEAR LINEAR LINEAR LINEAR LINEAR LINEAR LINEAR LINEAR LINEAR LINEAR LINEAR LINEAR
LINEAR LINEAR LINEAR LINEAR LINEAR LINEAR LINEAR LINEAR LINEAR LINEAR LINEAR LINEAR
LINEAR LINEAR LINEAR LINEAR LINEAR LINEAR LINEAR LINEAR LINEAR</Name_array>
        <technique_common>
          <accessor source="#mixamorig_Spine2-Interpolations-array" count="44">
            <param type="name"/>
          </accessor>
        </technique_common>
      </source>
      <sampler id="mixamorig_Spine2-Matrix-animation-transform">
        <input semantic="INPUT" source="#mixamorig_Spine2-Matrix-animation-input"/>
        <input semantic="OUTPUT" source="#mixamorig_Spine2-Matrix-animation-output-transform"/>
        <input semantic="INTERPOLATION" source="#mixamorig_Spine2-Interpolations"/>
      </sampler>
      <channel source="#mixamorig_Spine2-Matrix-animation-transform" target="mixamorig_Spine2/matrix"/>
    </animation>
    <animation id="mixamorig_Neck-anim" name="mixamorig_Neck">
      <source id="mixamorig_Neck-Matrix-animation-input">
        <float_array id="mixamorig_Neck-Matrix-animation-input-array" count="44">

0.000000 0.033333 0.066667 0.100000 0.133333 0.166667 0.200000 0.233333 0.266667 0.300000 0.333333 0.366667 0.400000 0.433333 0.466667 0.500000
0.533333 0.566667 0.600000 0.633333 0.666667 0.700000 0.733333 0.766667 0.800000 0.833333 0.866667 0.900000 0.933333 0.966667 1.000000 1.033333
1.066667 1.100000 1.133333 1.166667 1.200000 1.233333 1.266667 1.300000 1.333333 1.366667 1.400000 1.433333</float_array>
        <technique_common>
          <accessor source="#mixamorig_Neck-Matrix-animation-input-array" count="44">
            <param name="TIME" type="float"/>
          </accessor>
        </technique_common>
      </source>
      <source id="mixamorig_Neck-Matrix-animation-output-transform">
        <float_array id="mixamorig_Neck-Matrix-animation-output-transform-array" count="704">

0.862632 0.231259 0.449873 -0.000000 -0.135698 0.962571 -0.234614 16.369200 -0.487291 0.141338 0.861725 0.000000 0.000000 0.000000 0.000000 1.000000
0.875668 0.214635 0.432593 0.000000 -0.127773 0.966852 -0.221070 16.369200 -0.465703 0.138311 0.874066 0.000000 0.000000 0.000000 0.000000 1.000000
0.892649 0.192477 0.407590 0.000000 -0.115387 0.971691 -0.206160 16.369200 -0.435733 0.136998 0.889589 -0.000000 0.000000 0.000000 0.000000 1.000000
0.918836 0.157371 0.361904 0.000000 -0.094454 0.978093 -0.185506 16.369200 -0.383169 0.136266 0.913571 0.000000 0.000000 0.000000 0.000000 1.000000
0.946851 0.110829 0.301976 -0.000000 -0.062053 0.984070 -0.166599 16.369200 -0.315629 0.139006 0.938646 0.000000 0.000000 0.000000 0.000000 1.000000
0.972554 0.046302 0.228024 0.000000 -0.010203 0.987544 -0.157014 16.369200 -0.232453 0.150378 0.960912 0.000000 0.000000 0.000000 0.000000 1.000000
0.988126 -0.012608 0.153126 0.000000 0.037012 0.986812 -0.157584 16.369200 -0.149120 0.161380 0.975561 0.000000 0.000000 0.000000 0.000000 1.000000
0.993640 -0.053292 0.099194 0.000000 0.069379 0.983590 -0.166546 16.369200 -0.088690 0.172369 0.981032 -0.000000 0.000000 0.000000 0.000000 1.000000
0.996104 -0.057624 0.066758 -0.000000 0.068058 0.983708 -0.166392 16.369200 -0.056083 0.170287 0.983797 0.000000 0.000000 0.000000 0.000000 1.000000
0.997785 -0.041625 0.051895 0.000000 0.049929 0.984063 -0.170669 16.369200 -0.043964 0.172882 0.983961 -0.000000 0.000000 0.000000 0.000000 1.000000
0.998650 -0.013718 0.050104 -0.000000 0.022837 0.982236 -0.186257 16.369200 -0.046659 0.187149 0.981223 0.000000 0.000000 0.000000 0.000000 1.000000
0.998384 0.020190 0.053111 -0.000000 -0.008832 0.978520 -0.205964 16.369200 -0.056129 0.205162 0.977117 -0.000000 0.000000 0.000000 0.000000 1.000000
0.996607 0.054696 0.061503 0.000000 -0.039421 0.973170 -0.226686 16.369200 -0.072252 0.223492 0.972024 -0.000000 0.000000 0.000000 0.000000 1.000000
0.993337 0.086173 0.076518 0.000000 -0.065132 0.967555 -0.244122 16.369200 -0.095072 0.237512 0.966721 0.000000 0.000000 0.000000 0.000000 1.000000
0.988542 0.114755 0.098065 0.000000 -0.086606 0.963270 -0.254184 16.369200 -0.123632 0.242779 0.962171 0.000000 0.000000 0.000000 0.000000 1.000000
0.981855 0.141079 0.126721 0.000000 -0.105204 0.961206 -0.254981 16.369200 -0.157777 0.237023 0.958606 -0.000000 0.000000 0.000000 0.000000 1.000000
0.973010 0.165943 0.160356 -0.000000 -0.122705 0.960572 -0.249489 16.369200 -0.195434 0.223078 0.955009 -0.000000 0.000000 0.000000 0.000000 1.000000
