<?xml version="1.0" encoding="utf-8"?>
<COLLADA xmlns="http://www.collada.org/2005/11/COLLADASchema" version="1.4.1">
  <asset>
    <contributor>
      <author>Mixamo</author>
      <authoring_tool>COLLADA Mixamo exporter</authoring_tool>
      <comments/>
    </contributor>
    <created>2025-01-03T22:46:11Z</created>
    <modified>2025-01-03T22:46:11Z</modified>
    <revision/>
    <title/>
    <unit meter="0.010000"/>
    <up_axis>Y_UP</up_axis>
  </asset>
  <library_animations>
    <animation id="mixamorig_Hips-anim" name="mixamorig_Hips">
      <source id="mixamorig_Hips-Matrix-animation-input">
        <float_array id="mixamorig_Hips-Matrix-animation-input-array" count="44">

0.000000 0.033333 0.066667 0.100000 0.133333 0.166667 0.200000 0.233333 0.266667 0.300000 0.333333 0.366667 0.400000 0.433333 0.466667 0.500000
0.533333 0.566667 0.600000 0.633333 0.666667 0.700000 0.733333 0.766667 0.800000 0.833333 0.866667 0.900000 0.933333 0.966667 1.000000 1.033333
1.066667 1.100000 1.133333 1.166667 1.200000 1.233333 1.266667 1.300000 1.333333 1.366667 1.400000 1.433333</float_array>
        <technique_common>
          <accessor source="#mixamorig_Hips-Matrix-animation-input-array" count="44">
            <param name="TIME" type="float"/>
          </accessor>
        </technique_common>
      </source>
      <source id="mixamorig_Hips-Matrix-animation-output-transform">
        <float_array id="mixamorig_Hips-Matrix-animation-output-transform-array" count="704">

0.519530 -0.331474 -0.787537 0.088396 -0.054362 0.906996 -0.417616 45.006104 0.852721 0.259776 0.453192 1.444397 0.000000 0.000000 0.000000 1.000000
0.532972 -0.329487 -0.779345 0.108255 -0.051975 0.906579 -0.418823 45.039154 0.844535 0.263728 0.466056 2.156437 0.000000 0.000000 0.000000 1.000000
0.546733 -0.327531 -0.770588 0.156444 -0.049362 0.906109 -0.420155 45.084232 0.835851 0.267751 0.479232 2.890980 0.000000 0.000000 0.000000 1.000000
0.562593 -0.325622 -0.759907 0.229626 -0.045547 0.905564 -0.421757 45.207336 0.825478 0.271890 0.494633 3.705278 0.000000 0.000000 0.000000 1.000000
0.580390 -0.323221 -0.747446 0.326827 -0.041238 0.905013 -0.423380 45.439751 0.813294 0.276548 0.511932 4.572957 0.000000 0.000000 0.000000 1.000000
0.600880 -0.320427 -0.732304 0.443821 -0.035805 0.904428 -0.425121 45.834530 0.798537 0.281667 0.531980 5.499285 0.000000 0.000000 0.000000 1.000000
0.625345 -0.317383 -0.712889 0.580174 -0.028129 0.903791 -0.427049 46.409836 0.779841 0.287106 0.556254 6.495065 0.000000 0.000000 0.000000 1.000000
0.654235 -0.314045 -0.688006 0.732264 -0.017287 0.903263 -0.428738 47.158173 0.756094 0.292389 0.585517 7.556928 0.000000 0.000000 0.000000 1.000000
0.687176 -0.310156 -0.656957 0.896096 -0.005219 0.902157 -0.431376 48.121552 0.726472 0.299860 0.618322 8.692945 0.000000 0.000000 0.000000 1.000000
0.721696 -0.300320 -0.623669 1.089504 0.000762 0.901326 -0.433141 49.338116 0.692210 0.312121 0.650712 9.949983 0.000000 0.000000 0.000000 1.000000
0.754208 -0.280192 -0.593854 1.348590 -0.005556 0.901634 -0.432464 50.673595 0.656612 0.329467 0.678463 11.281010 0.000000 0.000000 0.000000 1.000000
0.783810 -0.248032 -0.569317 1.691534 -0.026624 0.902509 -0.429847 52.043449 0.620430 0.352076 0.700792 12.655536 0.000000 0.000000 0.000000 1.000000
0.809254 -0.204118 -0.550858 2.073538 -0.063171 0.902021 -0.427044 53.338486 0.584053 0.380386 0.717070 14.039397 0.000000 0.000000 0.000000 1.000000
0.830361 -0.162702 -0.532944 2.320067 -0.096872 0.899710 -0.425604 54.405960 0.548741 0.405032 0.731322 15.210625 0.000000 0.000000 0.000000 1.000000
0.850703 -0.130907 -0.509085 2.433820 -0.115827 0.898005 -0.424466 55.142918 0.512727 0.420060 0.748773 16.007977 0.000000 0.000000 0.000000 1.000000
0.869134 -0.101194 -0.484113 2.664066 -0.131318 0.896492 -0.423151 55.833172 0.476824 0.431348 0.765884 16.725391 0.000000 0.000000 0.000000 1.000000
0.885732 -0.073610 -0.458324 2.907904 -0.143825 0.895242 -0.421730 56.478390 0.441354 0.439458 0.782357 17.340683 0.000000 0.000000 0.000000 1.000000
0.901165 -0.048703 -0.430731 3.087162 -0.152597 0.894418 -0.420392 57.025257 0.405728 0.444571 0.798587 17.813334 0.000000 0.000000 0.000000 1.000000
0.916178 -0.025683 -0.399948 3.204332 -0.158033 0.893931 -0.419419 57.458797 0.368298 0.447467 0.814941 18.118965 0.000000 0.000000 0.000000 1.000000
0.930846 -0.003910 -0.365392 3.223252 -0.160699 0.893677 -0.418948 57.797722 0.328180 0.448694 0.831247 18.285545 0.000000 0.000000 0.000000 1.000000
0.945023 0.016887 -0.326567 3.100010 -0.160788 0.893598 -0.419082 58.054428 0.284743 0.448551 0.847186 18.352654 0.000000 0.000000 0.000000 1.000000
0.958468 0.037279 -0.282755 2.864956 -0.158641 0.893578 -0.419942 58.237602 0.237008 0.447358 0.862379 18.342480 0.000000 0.000000 0.000000 1.000000
0.970640 0.058262 -0.233373 2.550795 -0.154995 0.893434 -0.421606 58.360199 0.183940 0.445399 0.876234 18.261364 0.000000 0.000000 0.000000 1.000000
0.982641 0.077842 -0.168399 1.995144 -0.143580 0.893922 -0.424604 58.247868 0.117483 0.441412 0.889580 17.920755 0.000000 0.000000 0.000000 1.000000
0.992018 0.093508 -0.084599 1.128411 -0.120953 0.895302 -0.428724 57.781628 0.035652 0.435534 0.899466 17.220514 0.000000 0.000000 0.000000 1.000000
0.994450 0.105192 0.002130 0.342327 -0.094009 0.897453 -0.430976 57.324165 -0.047247 0.428383 0.902361 16.317177 0.000000 0.000000 0.000000 1.000000
0.990229 0.113602 0.080881 -0.313820 -0.068456 0.901283 -0.427789 56.754265 -0.121494 0.418072 0.900253 15.594129 0.000000 0.000000 0.000000 1.000000
0.982151 0.118848 0.145788 -0.808993 -0.047761 0.907260 -0.417850 56.138428 -0.181928 0.403429 0.896743 15.067912 0.000000 0.000000 0.000000 1.000000
0.973182 0.122424 0.194754 -0.857298 -0.034535 0.914780 -0.402473 55.479244 -0.227429 0.384954 0.894476 14.597120 0.000000 0.000000 0.000000 1.000000
0.964070 0.126875 0.233392 -0.596362 -0.027641 0.921715 -0.386882 54.799259 -0.264207 0.366530 0.892104 14.113241 0.000000 0.000000 0.000000 1.000000
0.956447 0.137020 0.257750 -0.188550 -0.030867 0.925511 -0.377461 54.037884 -0.290270 0.353066 0.889431 13.512819 0.000000 0.000000 0.000000 1.000000
0.949234 0.153592 0.274527 0.272121 -0.041330 0.926027 -0.375187 53.268425 -0.311845 0.344793 0.885364 12.707855 0.000000 0.000000 0.000000 1.000000
0.940501 0.174436 0.291599 0.789244 -0.054294 0.924293 -0.377801 52.523914 -0.335425 0.339491 0.878770 11.699666 0.000000 0.000000 0.000000 1.000000
0.928526 0.199638 0.313025 1.281626 -0.067377 0.919733 -0.386720 51.730392 -0.365104 0.337988 0.867446 10.432083 0.000000 0.000000 0.000000 1.000000
0.914125 0.223491 0.338273 1.616531 -0.076051 0.914059 -0.398388 50.603188 -0.398237 0.338450 0.852560 9.065876 0.000000 0.000000 0.000000 1.000000
0.901824 0.237820 0.360771 1.707603 -0.077501 0.910400 -0.406405 49.530952 -0.425097 0.338545 0.839452 7.766318 0.000000 0.000000 0.000000 1.000000
0.892343 0.244157 0.379621 1.723657 -0.073785 0.908657 -0.410972 48.574287 -0.445287 0.338717 0.828849 6.479336 0.000000 0.000000 0.000000 1.000000
0.883523 0.248315 0.397148 1.707337 -0.068727 0.907456 -0.414488 47.661549 -0.463318 0.338915 0.818824 5.275550 0.000000 0.000000 0.000000 1.000000
0.875959 0.249777 0.412683 1.664502 -0.062400 0.906989 -0.416505 46.922806 -0.478332 0.339090 0.810072 4.203484 0.000000 0.000000 0.000000 1.000000
0.868985 0.250590 0.426696 1.610631 -0.056311 0.906770 -0.417849 46.325943 -0.491624 0.339077 0.802080 3.214383 0.000000 0.000000 0.000000 1.000000
0.863471 0.252229 0.436805 1.547581 -0.052997 0.906566 -0.418723 45.887318 -0.501607 0.338406 0.796161 2.299363 0.000000 0.000000 0.000000 1.000000
0.859486 0.254772 0.443143 1.486255 -0.052903 0.906617 -0.418625 45.571556 -0.508415 0.336359 0.792702 1.477210 0.000000 0.000000 0.000000 1.000000
0.855766 0.257519 0.448719 1.447305 -0.053652 0.906816 -0.418099 45.288952 -0.514574 0.333720 0.789838 0.686171 0.000000 0.000000 0.000000 1.000000
0.851980 0.260248 0.454314 1.444253 -0.054362 0.906996 -0.417616 45.006020 -0.520745 0.331103 0.786890 -0.090462 0.000000 0.000000 0.000000 1.000000</float_array>
        <technique_common>
          <accessor source="#mixamorig_Hips-Matrix-animation-output-transform-array" count="44" stride="16">
            <param type="float4x4"/>
          </accessor>
        </technique_common>
      </source>
      <source id="mixamorig_Hips-Interpolations">
        <Name_array id="mixamorig_Hips-Interpolations-array" count="44">
 LINEAR LINEAR LINEAR LINEAR LINEAR LINEAR LINEAR LINEAR LINEAR LINEAR LINEAR
LINEAR LINEAR LINEAR LINEAR LINEAR LINEAR LINEAR LINEAR LINEAR LINEAR LINEAR LINEAR
LINEAR LINEAR LINEAR LINEAR LINEAR LINEAR LINEAR LINEAR LINEAR LINEAR LINEAR LINEAR
LINEAR LINEAR LINEAR LINEAR LINEAR LINEAR LINEAR LINEAR LINEAR</Name_array>
        <technique_common>
          <accessor source="#mixamorig_Hips-Interpolations-array" count="44">
            <param type="name"/>
          </accessor>
        </technique_common>
      </source>
      <sampler id="mixamorig_Hips-Matrix-animation-transform">
        <input semantic="INPUT" source="#mixamorig_Hips-Matrix-animation-input"/>
        <input semantic="OUTPUT" source="#mixamorig_Hips-Matrix-animation-output-transform"/>
        <input semantic="INTERPOLATION" source="#mixamorig_Hips-Interpolations"/>
      </sampler>
      <channel source="#mixamorig_Hips-Matrix-animation-transform" target="mixamorig_Hips/matrix"/>
    </animation>
    <animation id="mixamorig_Spine-anim" name="mixamorig_Spine">
      <source id="mixamorig_Spine-Matrix-animation-input">
        <float_array id="mixamorig_Spine-Matrix-animation-input-array" count="44">

0.000000 0.033333 0.066667 0.100000 0.133333 0.166667 0.200000 0.233333 0.266667 0.300000 0.333333 0.366667 0.400000 0.433333 0.466667 0.500000
0.533333 0.566667 0.600000 0.633333 0.666667 0.700000 0.733333 0.766667 0.800000 0.833333 0.866667 0.900000 0.933333 0.966667 1.000000 1.033333
1.066667 1.100000 1.133333 1.166667 1.200000 1.233333 1.266667 1.300000 1.333333 1.366667 1.400000 1.433333</float_array>
        <technique_common>
          <accessor source="#mixamorig_Spine-Matrix-animation-input-array" count="44">
            <param name="TIME" type="float"/>
          </accessor>
        </technique_common>
      </source>
      <source id="mixamorig_Spine-Matrix-animation-output-transform">
        <float_array id="mixamorig_Spine-Matrix-animation-output-transform-array" count="704">

0.999815 0.017402 -0.008164 0.000000 -0.017095 0.999194 0.036326 10.871300 0.008790 -0.036179 0.999307 -0.951400 0.000000 0.000000 0.000000 1.000000
0.999799 0.020031 0.000961 -0.000000 -0.020053 0.999033 0.039139 10.871300 -0.000176 -0.039151 0.999233 -0.951400 0.000000 0.000000 0.000000 1.000000
0.999673 0.023020 0.011097 0.000000 -0.023467 0.998839 0.042066 10.871300 -0.010116 -0.042313 0.999053 -0.951400 0.000000 0.000000 0.000000 1.000000
0.999407 0.025967 0.022601 -0.000000 -0.026967 0.998618 0.045121 10.871300 -0.021398 -0.045703 0.998726 -0.951400 0.000000 0.000000 0.000000 1.000000
0.998972 0.028992 0.034849 -0.000000 -0.030657 0.998366 0.048229 10.871300 -0.033394 -0.049248 0.998228 -0.951400 0.000000 0.000000 0.000000 1.000000
0.998267 0.034262 0.047845 0.000000 -0.036784 0.997924 0.052866 10.871300 -0.045934 -0.054534 0.997455 -0.951400 0.000000 0.000000 0.000000 1.000000
0.997247 0.043027 0.060384 -0.000000 -0.046653 0.997108 0.059995 10.871300 -0.057628 -0.062647 0.996371 -0.951400 0.000000 0.000000 0.000000 1.000000
0.995882 0.055180 0.071933 0.000000 -0.060140 0.995823 0.068702 10.871300 -0.067842 -0.072745 0.995041 -0.951400 0.000000 0.000000 0.000000 1.000000
0.994071 0.069367 0.083728 0.000000 -0.075992 0.993997 0.078711 10.871300 -0.077766 -0.084607 0.993375 -0.951400 0.000000 0.000000 0.000000 1.000000
0.991665 0.084446 0.097312 0.000000 -0.093095 0.991756 0.088053 10.871300 -0.089074 -0.096378 0.991351 -0.951400 0.000000 0.000000 0.000000 1.000000
0.988848 0.097271 0.112771 0.000000 -0.108205 0.989553 0.095266 10.871300 -0.102327 -0.106407 0.989043 -0.951400 0.000000 0.000000 0.000000 1.000000
0.986088 0.104463 0.129295 0.000000 -0.117831 0.987939 0.100462 10.871300 -0.117241 -0.114300 0.986504 -0.951400 0.000000 0.000000 0.000000 1.000000
0.984406 0.099824 0.144848 -0.000000 -0.115358 0.987956 0.103128 10.871300 -0.132809 -0.118229 0.984065 -0.951400 0.000000 0.000000 0.000000 1.000000
0.983483 0.091660 0.156073 0.000000 -0.108523 0.988725 0.103180 10.871300 -0.144856 -0.118413 0.982342 -0.951400 0.000000 0.000000 0.000000 1.000000
0.983268 0.085999 0.160588 0.000000 -0.103071 0.989514 0.101185 10.871300 -0.150202 -0.116044 0.981821 -0.951400 0.000000 0.000000 0.000000 1.000000
0.983262 0.080643 0.163381 0.000000 -0.097607 0.990328 0.098609 10.871300 -0.153849 -0.112906 0.981623 -0.951400 0.000000 0.000000 0.000000 1.000000
0.983284 0.076226 0.165352 0.000000 -0.092888 0.991088 0.095484 10.871300 -0.156600 -0.109248 0.981601 -0.951400 0.000000 0.000000 0.000000 1.000000
0.983355 0.073396 0.166211 -0.000000 -0.089536 0.991745 0.091784 10.871300 -0.158102 -0.105138 0.981809 -0.951400 0.000000 0.000000 0.000000 1.000000
0.983679 0.071386 0.165166 0.000000 -0.086749 0.992358 0.087747 10.871300 -0.157640 -0.100642 0.982355 -0.951400 0.000000 0.000000 0.000000 1.000000
0.984271 0.069557 0.162394 0.000000 -0.083958 0.992959 0.083562 10.871300 -0.155439 -0.095882 0.983181 -0.951400 0.000000 0.000000 0.000000 1.000000
0.985079 0.067701 0.158227 -0.000000 -0.081029 0.993548 0.079352 10.871300 -0.151834 -0.090989 0.984209 -0.951400 0.000000 0.000000 0.000000 1.000000
0.986104 0.065338 0.152744 0.000000 -0.077530 0.994144 0.075274 10.871300 -0.146931 -0.086071 0.985395 -0.951400 0.000000 0.000000 0.000000 1.000000
0.987348 0.061559 0.146133 -0.000000 -0.072612 0.994791 0.071544 10.871300 -0.140968 -0.081250 0.986675 -0.951400 0.000000 0.000000 0.000000 1.000000
0.989257 0.055613 0.135198 -0.000000 -0.065285 0.995534 0.068188 10.871300 -0.130802 -0.076282 0.988470 -0.951400 0.000000 0.000000 0.000000 1.000000
0.991849 0.048220 0.117944 0.000000 -0.056127 0.996328 0.064662 10.871300 -0.114393 -0.070754 0.990913 -0.951400 0.000000 0.000000 0.000000 1.000000
0.994276 0.043511 0.097585 0.000000 -0.049571 0.996933 0.060561 10.871300 -0.094651 -0.065051 0.993383 -0.951400 0.000000 0.000000 0.000000 1.000000
0.996156 0.041292 0.077250 -0.000000 -0.045753 0.997331 0.056892 10.871300 -0.074695 -0.060208 0.995387 -0.951400 0.000000 0.000000 0.000000 1.000000
0.997534 0.039939 0.057714 0.000000 -0.043115 0.997562 0.054875 10.871300 -0.055381 -0.057228 0.996824 -0.951400 0.000000 0.000000 0.000000 1.000000
0.998568 0.036410 0.039189 0.000000 -0.038539 0.997741 0.055015 10.871300 -0.037097 -0.056447 0.997716 -0.951400 0.000000 0.000000 0.000000 1.000000
0.999270 0.030818 0.022586 0.000000 -0.032046 0.997906 0.056192 10.871300 -0.020807 -0.056875 0.998164 -0.951400 0.000000 0.000000 0.000000 1.000000
0.999702 0.022116 0.010364 0.000000 -0.022687 0.998021 0.058651 10.871300 -0.009046 -0.058868 0.998225 -0.951400 0.000000 0.000000 0.000000 1.000000
0.999943 0.010462 0.002154 0.000000 -0.010574 0.998067 0.061234 10.871300 -0.001509 -0.061254 0.998121 -0.951400 0.000000 0.000000 0.000000 1.000000
0.999985 -0.003222 -0.004334 0.000000 0.003489 0.997998 0.063155 10.871300 0.004121 -0.063170 0.997994 -0.951400 0.000000 0.000000 0.000000 1.000000
0.999768 -0.018824 -0.010486 0.000000 0.019456 0.997770 0.063846 10.871300 0.009261 -0.064036 0.997905 -0.951400 0.000000 0.000000 0.000000 1.000000
0.999415 -0.030288 -0.015891 0.000000 0.031235 0.997512 0.063195 10.871300 0.013938 -0.063654 0.997875 -0.951400 0.000000 0.000000 0.000000 1.000000
0.999408 -0.029756 -0.017271 -0.000000 0.030758 0.997663 0.061007 10.871300 0.015415 -0.061503 0.997988 -0.951400 0.000000 0.000000 0.000000 1.000000
0.999642 -0.022119 -0.015070 0.000000 0.022960 0.998045 0.058124 10.871300 0.013755 -0.058449 0.998196 -0.951400 0.000000 0.000000 0.000000 1.000000
0.999826 -0.013782 -0.012558 0.000000 0.014453 0.998379 0.055055 10.871300 0.011779 -0.055227 0.998404 -0.951400 0.000000 0.000000 0.000000 1.000000
0.999926 -0.006129 -0.010536 0.000000 0.006668 0.998633 0.051848 10.871300 0.010204 -0.051915 0.998599 -0.951400 0.000000 0.000000 0.000000 1.000000
0.999957 0.000216 -0.009273 -0.000000 0.000239 0.998797 0.049029 10.871300 0.009272 -0.049029 0.998754 -0.951400 0.000000 0.000000 0.000000 1.000000
0.999951 0.005066 -0.008475 0.000000 -0.004662 0.998881 0.047056 10.871300 0.008704 -0.047014 0.998856 -0.951400 0.000000 0.000000 0.000000 1.000000
0.999930 0.008490 -0.008214 0.000000 -0.008108 0.998928 0.045576 10.871300 0.008592 -0.045506 0.998927 -0.951400 0.000000 0.000000 0.000000 1.000000
0.999901 0.011509 -0.008087 0.000000 -0.011142 0.998967 0.044060 10.871300 0.008585 -0.043965 0.998996 -0.951400 0.000000 0.000000 0.000000 1.000000
0.999862 0.014529 -0.008017 0.000000 -0.014175 0.998994 0.042535 10.871300 0.008627 -0.042416 0.999063 -0.951400 0.000000 0.000000 0.000000 1.000000</float_array>
        <technique_common>
          <accessor source="#mixamorig_Spine-Matrix-animation-output-transform-array" count="44" stride="16">
            <param type="float4x4"/>
          </accessor>
        </technique_common>
      </source>
      <source id="mixamorig_Spine-Interpolations">
        <Name_array id="mixamorig_Spine-Interpolations-array" count="44">
 LINEAR LINEAR LINEAR LINEAR LINEAR LINEAR LINEAR LINEAR LINEAR LINEAR LINEAR
LINEAR LINEAR LINEAR LINEAR LINEAR LINEAR LINEAR LINEAR LINEAR LINEAR LINEAR LINEAR
LINEAR LINEAR LINEAR LINEAR LINEAR LINEAR LINEAR LINEAR LINEAR LINEAR LINEAR LINEAR
LINEAR LINEAR LINEAR LINEAR LINEAR LINEAR LINEAR LINEAR LINEAR</Name_array>
        <technique_common>
          <accessor source="#mixamorig_Spine-Interpolations-array" count="44">
            <param type="name"/>
          </accessor>
        </technique_common>
      </source>
      <sampler id="mixamorig_Spine-Matrix-animation-transform">
        <input semantic="INPUT" source="#mixamorig_Spine-Matrix-animation-input"/>
        <input semantic="OUTPUT" source="#mixamorig_Spine-Matrix-animation-output-transform"/>
        <input semantic="INTERPOLATION" source="#mixamorig_Spine-Interpolations"/>
      </sampler>
      <channel source="#mixamorig_Spine-Matrix-animation-transform" target="mixamorig_Spine/matrix"/>
    </animation>
    <animation id="mixamorig_Spine1-anim" name="mixamorig_Spine1">
      <source id="mixamorig_Spine1-Matrix-animation-input">
        <float_array id="mixamorig_Spine1-Matrix-animation-input-array" count="44">

0.000000 0.033333 0.066667 0.100000 0.133333 0.166667 0.200000 0.233333 0.266667 0.300000 0.333333 0.366667 0.400000 0.433333 0.466667 0.500000
0.533333 0.566667 0.600000 0.633333 0.666667 0.700000 0.733333 0.766667 0.800000 0.833333 0.866667 0.900000 0.933333 0.966667 1.000000 1.033333
1.066667 1.100000 1.133333 1.166667 1.200000 1.233333 1.266667 1.300000 1.333333 1.366667 1.400000 1.433333</float_array>
        <technique_common>
          <accessor source="#mixamorig_Spine1-Matrix-animation-input-array" count="44">
            <param name="TIME" type="float"/>
          </accessor>
        </technique_common>
      </source>
      <source id="mixamorig_Spine1-Matrix-animation-output-transform">
        <float_array id="mixamorig_Spine1-Matrix-animation-output-transform-array" count="704">

0.998464 0.047845 -0.027921 0.000000 -0.051018 0.990599 -0.126927 12.731600 0.021586 0.128157 0.991519 0.000000 0.000000 0.000000 0.000000 1.000000
0.998251 0.053826 -0.024448 0.000000 -0.056464 0.990609 -0.124524 12.731600 0.017515 0.125687 0.991915 0.000000 0.000000 0.000000 0.000000 1.000000
0.997980 0.060123 -0.020505 0.000000 -0.062188 0.990544 -0.122288 12.731600 0.012959 0.123316 0.992283 -0.000000 0.000000 0.000000 0.000000 1.000000
0.997592 0.067805 -0.014549 -0.000000 -0.069069 0.990277 -0.120754 12.731600 0.006220 0.121468 0.992576 -0.000000 0.000000 0.000000 0.000000 1.000000
0.997096 0.075735 -0.007969 0.000000 -0.076144 0.989849 -0.120002 12.731600 -0.001200 0.120261 0.992742 0.000000 0.000000 0.000000 0.000000 1.000000
0.996536 0.083142 -0.001613 0.000000 -0.082740 0.989404 -0.119308 12.731600 -0.008324 0.119028 0.992856 0.000000 0.000000 0.000000 0.000000 1.000000
0.995876 0.090682 0.002634 -0.000000 -0.089742 0.988969 -0.117845 12.731600 -0.013291 0.117123 0.993028 0.000000 0.000000 0.000000 0.000000 1.000000
0.995065 0.099121 0.004534 -0.000000 -0.097936 0.988451 -0.115644 12.731600 -0.015945 0.114630 0.993280 0.000000 0.000000 0.000000 0.000000 1.000000
0.994155 0.107780 0.006218 -0.000000 -0.106402 0.987933 -0.112552 12.731600 -0.018273 0.111232 0.993626 0.000000 0.000000 0.000000 0.000000 1.000000
0.993430 0.114036 0.009615 0.000000 -0.112312 0.987634 -0.109387 12.731600 -0.021970 0.107589 0.993953 0.000000 0.000000 0.000000 0.000000 1.000000
0.993173 0.115643 0.015271 0.000000 -0.113362 0.987748 -0.107254 12.731600 -0.027487 0.104791 0.994114 0.000000 0.000000 0.000000 0.000000 1.000000
0.993490 0.111586 0.022932 0.000000 -0.108548 0.988355 -0.106643 12.731600 -0.034565 0.103459 0.994033 0.000000 0.000000 0.000000 0.000000 1.000000
0.994339 0.101689 0.030815 0.000000 -0.097844 0.989364 -0.107640 12.731600 -0.041433 0.104015 0.993712 0.000000 0.000000 0.000000 0.000000 1.000000
0.995096 0.092026 0.036258 -0.000000 -0.087611 0.990199 -0.108764 12.731600 -0.045912 0.105054 0.993406 -0.000000 0.000000 0.000000 0.000000 1.000000
0.995556 0.086244 0.037830 0.000000 -0.081639 0.990590 -0.109847 12.731600 -0.046948 0.106270 0.993228 0.000000 0.000000 0.000000 0.000000 1.000000
0.995900 0.081923 0.038352 0.000000 -0.077230 0.990814 -0.111012 12.731600 -0.047094 0.107595 0.993079 0.000000 0.000000 0.000000 0.000000 1.000000
0.996179 0.078574 0.038131 0.000000 -0.073864 0.990933 -0.112233 12.731600 -0.046604 0.108988 0.992950 -0.000000 0.000000 0.000000 0.000000 1.000000
0.996416 0.075976 0.037178 -0.000000 -0.071328 0.990977 -0.113475 12.731600 -0.045464 0.110417 0.992845 -0.000000 0.000000 0.000000 0.000000 1.000000
0.996633 0.073913 0.035504 0.000000 -0.069407 0.990972 -0.114701 12.731600 -0.043661 0.111851 0.992765 -0.000000 0.000000 0.000000 0.000000 1.000000
0.996843 0.072165 0.033120 0.000000 -0.067888 0.990941 -0.115874 12.731600 -0.041182 0.113260 0.992712 -0.000000 0.000000 0.000000 0.000000 1.000000
0.997058 0.070513 0.030038 0.000000 -0.066555 0.990905 -0.116954 12.731600 -0.038012 0.114611 0.992683 -0.000000 0.000000 0.000000 0.000000 1.000000
0.997289 0.068740 0.026268 0.000000 -0.065193 0.990883 -0.117905 12.731600 -0.034133 0.115873 0.992677 0.000000 0.000000 0.000000 0.000000 1.000000
0.997539 0.066626 0.021820 0.000000 -0.063585 0.990893 -0.118694 12.731600 -0.029529 0.117014 0.992691 0.000000 0.000000 0.000000 0.000000 1.000000
0.997818 0.064324 0.014856 -0.000000 -0.062109 0.990944 -0.119048 12.731600 -0.022379 0.117866 0.992777 0.000000 0.000000 0.000000 0.000000 1.000000
0.998086 0.061665 0.004647 0.000000 -0.060677 0.991055 -0.118863 12.731600 -0.011935 0.118353 0.992900 0.000000 0.000000 0.000000 0.000000 1.000000
0.998244 0.058949 -0.005856 0.000000 -0.059227 0.991142 -0.118872 12.731600 -0.001203 0.119010 0.992892 0.000000 0.000000 0.000000 0.000000 1.000000
0.998229 0.057335 -0.015846 0.000000 -0.058827 0.991018 -0.120094 12.731600 0.008818 0.120814 0.992636 0.000000 0.000000 0.000000 0.000000 1.000000
0.998052 0.057111 -0.025109 0.000000 -0.059781 0.990594 -0.123084 12.731600 0.017843 0.124345 0.992079 0.000000 0.000000 0.000000 0.000000 1.000000
0.997787 0.057573 -0.033270 0.000000 -0.061375 0.989920 -0.127639 12.731600 0.025586 0.129398 0.991263 0.000000 0.000000 0.000000 0.000000 1.000000
0.997551 0.057454 -0.039879 -0.000000 -0.062254 0.989298 -0.131965 12.731600 0.031870 0.134124 0.990452 0.000000 0.000000 0.000000 0.000000 1.000000
0.997572 0.054970 -0.042754 0.000000 -0.060250 0.989143 -0.134041 12.731600 0.034922 0.136292 0.990053 -0.000000 0.000000 0.000000 0.000000 1.000000
0.997854 0.049655 -0.042690 -0.000000 -0.054972 0.989448 -0.134057 12.731600 0.035583 0.136116 0.990054 0.000000 0.000000 0.000000 0.000000 1.000000
0.998234 0.042112 -0.041909 0.000000 -0.047338 0.990020 -0.132740 12.731600 0.035901 0.134490 0.990264 0.000000 0.000000 0.000000 0.000000 1.000000
0.998609 0.031804 -0.042066 -0.000000 -0.037002 0.990927 -0.129206 12.731600 0.037575 0.130582 0.990725 -0.000000 0.000000 0.000000 0.000000 1.000000
0.998839 0.022003 -0.042847 0.000000 -0.027191 0.991842 -0.124536 12.731600 0.039757 0.125557 0.991289 0.000000 0.000000 0.000000 0.000000 1.000000
0.998950 0.018157 -0.042063 0.000000 -0.023113 0.992443 -0.120512 12.731600 0.039557 0.121358 0.991820 -0.000000 0.000000 0.000000 0.000000 1.000000
0.999026 0.019081 -0.039774 0.000000 -0.023635 0.992808 -0.117360 12.731600 0.037249 0.118186 0.992293 0.000000 0.000000 0.000000 0.000000 1.000000
0.999082 0.021474 -0.037062 0.000000 -0.025601 0.993067 -0.114730 12.731600 0.034341 0.115573 0.992705 0.000000 0.000000 0.000000 0.000000 1.000000
0.999082 0.025949 -0.034094 -0.000000 -0.029660 0.993119 -0.113295 12.731600 0.030920 0.114202 0.992976 0.000000 0.000000 0.000000 0.000000 1.000000
0.999028 0.030653 -0.031678 0.000000 -0.034042 0.993047 -0.112689 12.731600 0.028004 0.113658 0.993125 -0.000000 0.000000 0.000000 0.000000 1.000000
0.998958 0.034484 -0.029906 -0.000000 -0.037649 0.992916 -0.112693 12.731600 0.025808 0.113701 0.993180 -0.000000 0.000000 0.000000 0.000000 1.000000
0.998889 0.037236 -0.028871 0.000000 -0.040280 0.992751 -0.113236 12.731600 0.024446 0.114273 0.993149 0.000000 0.000000 0.000000 0.000000 1.000000
0.998816 0.039755 -0.028051 -0.000000 -0.042706 0.992570 -0.113936 12.731600 0.023313 0.114999 0.993092 0.000000 0.000000 0.000000 0.000000 1.000000
0.998735 0.042275 -0.027228 -0.000000 -0.045132 0.992382 -0.114638 12.731600 0.022174 0.115722 0.993034 0.000000 0.000000 0.000000 0.000000 1.000000</float_array>
        <technique_common>
          <accessor source="#mixamorig_Spine1-Matrix-animation-output-transform-array" count="44" stride="16">
            <param type="float4x4"/>
          </accessor>
        </technique_common>
      </source>
      <source id="mixamorig_Spine1-Interpolations">
        <Name_array id="mixamorig_Spine1-Interpolations-array" count="44">
 LINEAR LINEAR LINEAR LINEAR LINEAR LINEAR LINEAR LINEAR LINEAR LINEAR LINEAR
LINEAR LINEAR LINEAR LINEAR LINEAR LINEAR LINEAR LINEAR LINEAR LINEAR LINEAR LINEAR
LINEAR LINEAR LINEAR LINEAR LINEAR LINEAR LINEAR LINEAR LINEAR LINEAR LINEAR LINEAR
LINEAR LINEAR LINEAR LINEAR LINEAR LINEAR LINEAR LINEAR LINEAR</Name_array>
        <technique_common>
          <accessor source="#mixamorig_Spine1-Interpolations-array" count="44">
            <param type="name"/>
          </accessor>
        </technique_common>
      </source>
      <sampler id="mixamorig_Spine1-Matrix-animation-transform">
        <input semantic="INPUT" source="#mixamorig_Spine1-Matrix-animation-input"/>
        <input semantic="OUTPUT" source="#mixamorig_Spine1-Matrix-animation-output-transform"/>
        <input semantic="INTERPOLATION" source="#mixamorig_Spine1-Interpolations"/>
      </sampler>
      <channel source="#mixamorig_Spine1-Matrix-animation-transform" target="mixamorig_Spine1/matrix"/>
    </animation>
    <animation id="mixamorig_Spine2-anim" name="mixamorig_Spine2">
      <source id="mixamorig_Spine2-Matrix-animation-input">
        <float_array id="mixamorig_Spine2-Matrix-animation-input-array" count="44">

0.000000 0.033333 0.066667 0.100000 0.133333 0.166667 0.200000 0.233333 0.266667 0.300000 0.333333 0.366667 0.400000 0.433333 0.466667 0.500000
0.533333 0.566667 0.600000 0.633333 0.666667 0.700000 0.733333 0.766667 0.800000 0.833333 0.866667 0.900000 0.933333 0.966667 1.000000 1.033333
1.066667 1.100000 1.133333 1.166667 1.200000 1.233333 1.266667 1.300000 1.333333 1.366667 1.400000 1.433333</float_array>
        <technique_common>
          <accessor source="#mixamorig_Spine2-Matrix-animation-input-array" count="44">
            <param name="TIME" type="float"/>
          </accessor>
        </technique_common>
      </source>
      <source id="mixamorig_Spine2-Matrix-animation-output-transform">
        <float_array id="mixamorig_Spine2-Matrix-animation-output-transform-array" count="704">

0.998464 0.047846 -0.027920 0.000000 -0.051019 0.990599 -0.126926 14.550400 0.021584 0.128156 0.991519 0.000000 0.000000 0.000000 0.000000 1.000000
0.998081 0.059918 -0.015643 0.000000 -0.061383 0.990633 -0.121973 14.550400 0.008188 0.122699 0.992410 -0.000000 0.000000 0.000000 0.000000 1.000000
0.997343 0.072815 -0.002079 0.000000 -0.072557 0.990458 -0.117168 14.550400 -0.006472 0.117008 0.993110 0.000000 0.000000 0.000000 0.000000 1.000000
0.996067 0.087470 0.014139 0.000000 -0.085322 0.989904 -0.113180 14.550400 -0.023896 0.111528 0.993474 -0.000000 0.000000 0.000000 0.000000 1.000000
0.994223 0.102619 0.031473 -0.000000 -0.098594 0.989013 -0.110152 14.550400 -0.042431 0.106412 0.993416 -0.000000 0.000000 0.000000 0.000000 1.000000
0.991881 0.117378 0.048924 0.000000 -0.111615 0.987933 -0.107384 14.550400 -0.060938 0.101051 0.993013 0.000000 0.000000 0.000000 0.000000 1.000000
0.989109 0.132329 0.064446 0.000000 -0.125216 0.986651 -0.104123 14.550400 -0.077364 0.094919 0.992474 0.000000 0.000000 0.000000 0.000000 1.000000
0.985912 0.148151 0.077639 0.000000 -0.140103 0.985023 -0.100503 14.550400 -0.091366 0.088210 0.991903 0.000000 0.000000 0.000000 0.000000 1.000000
0.982300 0.164029 0.090449 -0.000000 -0.155299 0.983156 -0.096370 14.550400 -0.104733 0.080618 0.991227 0.000000 0.000000 0.000000 0.000000 1.000000
0.978605 0.177203 0.104555 0.000000 -0.167861 0.981479 -0.092312 14.550400 -0.118976 0.072786 0.990226 0.000000 0.000000 0.000000 0.000000 1.000000
0.975290 0.185322 0.120271 0.000000 -0.175318 0.980471 -0.089108 14.550400 -0.134436 0.065821 0.988734 -0.000000 0.000000 0.000000 0.000000 1.000000
0.972684 0.187285 0.137153 0.000000 -0.176515 0.980448 -0.086977 14.550400 -0.150761 0.060391 0.986724 -0.000000 0.000000 0.000000 0.000000 1.000000
0.971116 0.182881 0.153258 -0.000000 -0.171285 0.981475 -0.085840 14.550400 -0.166117 0.057110 0.984451 -0.000000 0.000000 0.000000 0.000000 1.000000
0.970358 0.177114 0.164426 0.000000 -0.164939 0.982629 -0.085064 14.550400 -0.176636 0.055422 0.982715 0.000000 0.000000 0.000000 0.000000 1.000000
0.970462 0.172908 0.168246 -0.000000 -0.160451 0.983367 -0.085116 14.550400 -0.180165 0.055607 0.982063 0.000000 0.000000 0.000000 0.000000 1.000000
0.970722 0.169559 0.170141 -0.000000 -0.156870 0.983908 -0.085536 14.550400 -0.181906 0.056341 0.981700 -0.000000 0.000000 0.000000 0.000000 1.000000
0.971118 0.166746 0.170665 -0.000000 -0.153863 0.984324 -0.086208 14.550400 -0.182364 0.057459 0.981551 -0.000000 0.000000 0.000000 0.000000 1.000000
0.971695 0.164247 0.169800 -0.000000 -0.151221 0.984657 -0.087079 14.550400 -0.181497 0.058937 0.981624 0.000000 0.000000 0.000000 0.000000 1.000000
0.972493 0.161838 0.167528 0.000000 -0.148736 0.984946 -0.088090 14.550400 -0.179262 0.060750 0.981924 -0.000000 0.000000 0.000000 0.000000 1.000000
0.973542 0.159296 0.163829 0.000000 -0.146199 0.985227 -0.089186 14.550400 -0.175616 0.062875 0.982449 0.000000 0.000000 0.000000 0.000000 1.000000
0.974864 0.156396 0.158683 0.000000 -0.143407 0.985534 -0.090313 14.550400 -0.170512 0.065287 0.983190 -0.000000 0.000000 0.000000 0.000000 1.000000
0.976470 0.152912 0.152064 0.000000 -0.140151 0.985900 -0.091424 14.550400 -0.163900 0.067961 0.984133 -0.000000 0.000000 0.000000 0.000000 1.000000
0.978362 0.148619 0.143946 -0.000000 -0.136225 0.986352 -0.092484 14.550400 -0.155726 0.070874 0.985254 0.000000 0.000000 0.000000 0.000000 1.000000
0.981159 0.142488 0.130478 0.000000 -0.130884 0.986969 -0.093605 14.550400 -0.142115 0.074764 0.987023 -0.000000 0.000000 0.000000 0.000000 1.000000
0.984989 0.133197 0.109797 0.000000 -0.123007 0.987859 -0.094890 14.550400 -0.121103 0.079960 0.989414 0.000000 0.000000 0.000000 0.000000 1.000000
0.988570 0.122695 0.087611 0.000000 -0.114144 0.988744 -0.096725 14.550400 -0.098493 0.085619 0.991448 0.000000 0.000000 0.000000 0.000000 1.000000
0.991455 0.112869 0.065403 0.000000 -0.106015 0.989304 -0.100191 14.550400 -0.076012 0.092401 0.992816 -0.000000 0.000000 0.000000 0.000000 1.000000
0.993589 0.104267 0.043692 0.000000 -0.099179 0.989431 -0.105779 14.550400 -0.054259 0.100768 0.993429 -0.000000 0.000000 0.000000 0.000000 1.000000
0.995077 0.096363 0.023168 0.000000 -0.093161 0.989204 -0.113126 14.550400 -0.033819 0.110410 0.993311 0.000000 0.000000 0.000000 0.000000 1.000000
0.996100 0.088106 0.004617 0.000000 -0.086915 0.988931 -0.120254 14.550400 -0.015161 0.119384 0.992732 0.000000 0.000000 0.000000 0.000000 1.000000
0.996914 0.077922 -0.009481 0.000000 -0.078496 0.989047 -0.124996 14.550400 -0.000363 0.125354 0.992112 0.000000 0.000000 0.000000 0.000000 1.000000
0.997652 0.065639 -0.019539 0.000000 -0.067601 0.989533 -0.127492 14.550400 0.010966 0.128513 0.991647 0.000000 0.000000 0.000000 0.000000 1.000000
0.998265 0.052109 -0.027435 0.000000 -0.055216 0.990180 -0.128433 14.550400 0.020473 0.129725 0.991339 0.000000 0.000000 0.000000 0.000000 1.000000
0.998719 0.037020 -0.034486 0.000000 -0.041116 0.991073 -0.126819 14.550400 0.029484 0.128074 0.991326 0.000000 0.000000 0.000000 0.000000 1.000000
0.998912 0.023863 -0.040057 0.000000 -0.028652 0.991918 -0.123600 14.550400 0.036784 0.124613 0.991523 -0.000000 0.000000 0.000000 0.000000 1.000000
0.998963 0.018316 -0.041675 0.000000 -0.023218 0.992458 -0.120362 14.550400 0.039156 0.121205 0.991855 0.000000 0.000000 0.000000 0.000000 1.000000
0.999032 0.019039 -0.039665 0.000000 -0.023578 0.992815 -0.117311 14.550400 0.037146 0.118133 0.992303 -0.000000 0.000000 0.000000 0.000000 1.000000
0.999087 0.021437 -0.036954 0.000000 -0.025550 0.993073 -0.114690 14.550400 0.034239 0.115529 0.992714 -0.000000 0.000000 0.000000 0.000000 1.000000
0.999085 0.025922 -0.034006 0.000000 -0.029622 0.993123 -0.113267 14.550400 0.030836 0.114170 0.992983 -0.000000 0.000000 0.000000 0.000000 1.000000
0.999030 0.030636 -0.031620 -0.000000 -0.034018 0.993050 -0.112670 14.550400 0.027948 0.113637 0.993129 0.000000 0.000000 0.000000 0.000000 1.000000
0.998959 0.034474 -0.029872 0.000000 -0.037635 0.992918 -0.112681 14.550400 0.025776 0.113688 0.993182 -0.000000 0.000000 0.000000 0.000000 1.000000
0.998890 0.037230 -0.028851 0.000000 -0.040272 0.992753 -0.113228 14.550400 0.024427 0.114264 0.993150 -0.000000 0.000000 0.000000 0.000000 1.000000
0.998816 0.039752 -0.028041 0.000000 -0.042702 0.992571 -0.113931 14.550400 0.023304 0.114993 0.993093 0.000000 0.000000 0.000000 0.000000 1.000000
0.998735 0.042276 -0.027228 0.000000 -0.045132 0.992382 -0.114638 14.550400 0.022174 0.115722 0.993034 0.000000 0.000000 0.000000 0.000000 1.000000</float_array>
        <technique_common>
          <accessor source="#mixamorig_Spine2-Matrix-animation-output-transform-array" count="44" stride="16">
            <param type="float4x4"/>
          </accessor>
        </technique_common>
      </source>
      <source id="mixamorig_Spine2-Interpolations">
        <Name_array id="mixamorig_Spine2-Interpolations-array" count="44">
 LINEAR LINEAR LINEAR LINEAR LINEAR LINEAR LINEAR LINEAR LINEAR LINEAR LINEAR
LINEAR LINEAR LINEAR LINEAR LINEAR LINEAR LINEAR LINEAR LINEAR LINEAR LINEAR LINEAR
LINEAR LINEAR LINEAR LINEAR LINEAR LINEAR LINEAR LINEAR LINEAR LINEAR LINEAR LINEAR
LINEAR LINEAR LINEAR LINEAR LINEAR LINEAR LINEAR LINEAR LINEAR</Name_array>
        <technique_common>
          <accessor source="#mixamorig_Spine2-Interpolations-array" count="44">
            <param type="name"/>
          </accessor>
        </technique_common>
      </source>
      <sampler id="mixamorig_Spine2-Matrix-animation-transform">
        <input semantic="INPUT" source="#mixamorig_Spine2-Matrix-animation-input"/>
        <input semantic="OUTPUT" source="#mixamorig_Spine2-Matrix-animation-output-transform"/>
        <input semantic="INTERPOLATION" source="#mixamorig_Spine2-Interpolations"/>
      </sampler>
      <channel source="#mixamorig_Spine2-Matrix-animation-transform" target="mixamorig_Spine2/matrix"/>
    </animation>
    <animation id="mixamorig_Neck-anim" name="mixamorig_Neck">
      <source id="mixamorig_Neck-Matrix-animation-input">
        <float_array id="mixamorig_Neck-Matrix-animation-input-array" count="44">

0.000000 0.033333 0.066667 0.100000 0.133333 0.166667 0.200000 0.233333 0.266667 0.300000 0.333333 0.366667 0.400000 0.433333 0.466667 0.500000
0.533333 0.566667 0.600000 0.633333 0.666667 0.700000 0.733333 0.766667 0.800000 0.833333 0.866667 0.900000 0.933333 0.966667 1.000000 1.033333
1.066667 1.100000 1.133333 1.166667 1.200000 1.233333 1.266667 1.300000 1.333333 1.366667 1.400000 1.433333</float_array>
        <technique_common>
          <accessor source="#mixamorig_Neck-Matrix-animation-input-array" count="44">
            <param name="TIME" type="float"/>
          </accessor>
        </technique_common>
      </source>
      <source id="mixamorig_Neck-Matrix-animation-output-transform">
        <float_array id="mixamorig_Neck-Matrix-animation-output-transform-array" count="704">

0.862627 0.231293 0.449865 0.000000 -0.135709 0.962557 -0.234663 16.369200 -0.487297 0.141375 0.861716 0.000000 0.000000 0.000000 0.000000 1.000000
0.846371 0.252736 0.468808 -0.000000 -0.149686 0.957635 -0.246027 16.369200 -0.511127 0.138056 0.848345 0.000000 0.000000 0.000000 0.000000 1.000000
0.829509 0.274023 0.486647 0.000000 -0.163451 0.952319 -0.257627 16.369200 -0.534039 0.134161 0.834747 0.000000 0.000000 0.000000 0.000000 1.000000
0.812836 0.294833 0.502365 0.000000 -0.178842 0.947104 -0.266476 16.369200 -0.554358 0.126757 0.822569 0.000000 0.000000 0.000000 0.000000 1.000000
0.797889 0.315716 0.513513 0.000000 -0.196141 0.941492 -0.274082 16.369200 -0.570001 0.117966 0.813132 0.000000 0.000000 0.000000 0.000000 1.000000
0.786932 0.336318 0.517328 0.000000 -0.211824 0.934696 -0.285436 16.369200 -0.579541 0.115036 0.806783 -0.000000 0.000000 0.000000 0.000000 1.000000
0.780231 0.353181 0.516239 0.000000 -0.222703 0.928106 -0.298368 16.369200 -0.584503 0.117828 0.802791 0.000000 0.000000 0.000000 0.000000 1.000000
0.776167 0.364371 0.514586 0.000000 -0.230059 0.923511 -0.306919 16.369200 -0.587058 0.119836 0.800626 0.000000 0.000000 0.000000 0.000000 1.000000
0.773173 0.372243 0.513457 -0.000000 -0.238136 0.920782 -0.308954 16.369200 -0.587788 0.116602 0.800568 -0.000000 0.000000 0.000000 0.000000 1.000000
0.769684 0.385946 0.508559 0.000000 -0.251527 0.915473 -0.314077 16.369200 -0.586789 0.113823 0.801700 0.000000 0.000000 0.000000 0.000000 1.000000
0.764878 0.405874 0.500228 0.000000 -0.266871 0.906420 -0.327387 16.369200 -0.586295 0.116914 0.801617 -0.000000 0.000000 0.000000 0.000000 1.000000
0.759383 0.425237 0.492453 0.000000 -0.279923 0.896767 -0.342712 16.369200 -0.587350 0.122401 0.800024 0.000000 0.000000 0.000000 0.000000 1.000000
0.757470 0.424867 0.495708 -0.000000 -0.281727 0.897658 -0.338880 16.369200 -0.588955 0.117037 0.799646 0.000000 0.000000 0.000000 0.000000 1.000000
0.758468 0.414498 0.502909 0.000000 -0.277042 0.903547 -0.326881 16.369200 -0.589893 0.108602 0.800145 0.000000 0.000000 0.000000 0.000000 1.000000
0.760697 0.405582 0.506797 0.000000 -0.271632 0.908012 -0.318952 16.369200 -0.589539 0.104964 0.800891 0.000000 0.000000 0.000000 0.000000 1.000000
0.763083 0.397405 0.509679 0.000000 -0.265952 0.911829 -0.312789 16.369200 -0.589044 0.103133 0.801493 -0.000000 0.000000 0.000000 0.000000 1.000000
0.765606 0.389669 0.511865 0.000000 -0.260065 0.915233 -0.307758 16.369200 -0.588400 0.102503 0.802047 0.000000 0.000000 0.000000 0.000000 1.000000
0.768315 0.382379 0.513302 0.000000 -0.254121 0.918261 -0.303677 16.369200 -0.587465 0.102879 0.802684 -0.000000 0.000000 0.000000 0.000000 1.000000
