<?xml version="1.0" encoding="utf-8"?>
<COLLADA xmlns="http://www.collada.org/2005/11/COLLADASchema" version="1.4.1">
  <asset>
    <contributor>
      <author>Mixamo</author>
      <authoring_tool>COLLADA Mixamo exporter</authoring_tool>
      <comments/>
    </contributor>
    <created>2025-01-03T22:45:45Z</created>
    <modified>2025-01-03T22:45:45Z</modified>
    <revision/>
    <title/>
    <unit meter="0.010000"/>
    <up_axis>Y_UP</up_axis>
  </asset>
  <library_animations>
    <animation id="mixamorig_Hips-anim" name="mixamorig_Hips">
      <source id="mixamorig_Hips-Matrix-animation-input">
        <float_array id="mixamorig_Hips-Matrix-animation-input-array" count="38">

0.000000 0.033333 0.066667 0.100000 0.133333 0.166667 0.200000 0.233333 0.266667 0.300000 0.333333 0.366667 0.400000 0.433333 0.466667 0.500000
0.533333 0.566667 0.600000 0.633333 0.666667 0.700000 0.733333 0.766667 0.800000 0.833333 0.866667 0.900000 0.933333 0.966667 1.000000 1.033333
1.066667 1.100000 1.133333 1.166667 1.200000 1.233333</float_array>
        <technique_common>
          <accessor source="#mixamorig_Hips-Matrix-animation-input-array" count="38">
            <param name="TIME" type="float"/>
          </accessor>
        </technique_common>
      </source>
      <source id="mixamorig_Hips-Matrix-animation-output-transform">
        <float_array id="mixamorig_Hips-Matrix-animation-output-transform-array" count="608">

0.637397 -0.289876 -0.713931 0.437182 -0.019896 0.920037 -0.391325 67.794807 0.770279 0.263634 0.580662 0.409593 0.000000 0.000000 0.000000 1.000000
0.618527 -0.300967 -0.725840 0.866083 -0.011119 0.920293 -0.391071 67.511177 0.785685 0.249959 0.565880 0.148306 0.000000 0.000000 0.000000 1.000000
0.606301 -0.303532 -0.735029 1.185799 -0.011735 0.920776 -0.389916 66.911644 0.795149 0.245032 0.554705 0.527824 0.000000 0.000000 0.000000 1.000000
0.591800 -0.306096 -0.745706 1.653694 -0.011239 0.921873 -0.387328 65.993790 0.806007 0.237602 0.542124 1.118983 0.000000 0.000000 0.000000 1.000000
0.572765 -0.304293 -0.761148 2.523109 -0.003823 0.927545 -0.373692 64.278992 0.819711 0.216948 0.530101 2.261079 0.000000 0.000000 0.000000 1.000000
0.545667 -0.296436 -0.783820 3.649086 -0.000845 0.935148 -0.354256 62.244942 0.838002 0.193968 0.510028 3.409003 0.000000 0.000000 0.000000 1.000000
0.514501 -0.294299 -0.805405 4.795425 -0.004482 0.938323 -0.345730 60.536072 0.857478 0.181488 0.481449 3.994353 0.000000 0.000000 0.000000 1.000000
0.513431 -0.317037 -0.797418 5.601957 0.020106 0.933439 -0.358171 59.577801 0.857895 0.167863 0.485631 4.305763 0.000000 0.000000 0.000000 1.000000
0.550544 -0.316800 -0.772360 6.627297 0.045735 0.935253 -0.351014 59.417480 0.833552 0.157925 0.529386 4.595015 0.000000 0.000000 0.000000 1.000000
0.582026 -0.295140 -0.757719 7.562965 0.034485 0.939929 -0.339623 59.820736 0.812438 0.171540 0.557241 5.291748 0.000000 0.000000 0.000000 1.000000
0.591102 -0.286140 -0.754137 8.165297 0.006045 0.936507 -0.350598 60.615471 0.806574 0.202680 0.555301 5.749839 0.000000 0.000000 0.000000 1.000000
0.606208 -0.266350 -0.749380 8.595331 -0.027168 0.934768 -0.354219 61.290802 0.794842 0.235089 0.559427 6.035777 0.000000 0.000000 0.000000 1.000000
0.628858 -0.231462 -0.742268 9.058942 -0.065334 0.935555 -0.347086 62.023964 0.774770 0.266763 0.573209 6.283789 0.000000 0.000000 0.000000 1.000000
0.656393 -0.213818 -0.723485 9.630789 -0.086313 0.931415 -0.353578 62.771957 0.749465 0.294532 0.592919 6.351806 0.000000 0.000000 0.000000 1.000000
0.666949 -0.204457 -0.716503 10.071883 -0.095580 0.930194 -0.354405 63.400307 0.738948 0.304853 0.600850 6.132732 0.000000 0.000000 0.000000 1.000000
0.669027 -0.195841 -0.716972 10.261099 -0.103242 0.930820 -0.350592 63.904442 0.736033 0.308577 0.602525 5.577015 0.000000 0.000000 0.000000 1.000000
0.677658 -0.184367 -0.711891 10.190553 -0.109038 0.932170 -0.345210 64.230804 0.727249 0.311557 0.611589 4.811450 0.000000 0.000000 0.000000 1.000000
0.688051 -0.172083 -0.704963 9.950695 -0.113505 0.933997 -0.338773 64.429688 0.716730 0.313110 0.623105 4.002292 0.000000 0.000000 0.000000 1.000000
0.703975 -0.159665 -0.692045 9.565960 -0.114570 0.936111 -0.332520 64.447693 0.700923 0.313373 0.640706 3.302394 0.000000 0.000000 0.000000 1.000000
0.728724 -0.147983 -0.668628 9.048524 -0.109994 0.938402 -0.327571 64.233963 0.675917 0.312253 0.667559 2.837224 0.000000 0.000000 0.000000 1.000000
0.770354 -0.138505 -0.622391 8.141766 -0.094489 0.940546 -0.326258 63.668755 0.630576 0.310143 0.711467 2.713576 0.000000 0.000000 0.000000 1.000000
0.803813 -0.130877 -0.580307 7.026056 -0.078584 0.943589 -0.321659 62.845810 0.589669 0.304157 0.748184 2.820506 0.000000 0.000000 0.000000 1.000000
0.836599 -0.127158 -0.532854 5.826852 -0.053172 0.949247 -0.310005 61.691734 0.545229 0.287683 0.787378 2.564219 0.000000 0.000000 0.000000 1.000000
0.861253 -0.125465 -0.492445 4.773081 -0.031652 0.953918 -0.298394 60.619637 0.507190 0.272580 0.817593 1.978064 0.000000 0.000000 0.000000 1.000000
0.872809 -0.123622 -0.472146 3.961654 -0.025793 0.954355 -0.297559 59.887238 0.487379 0.271890 0.829781 1.761688 0.000000 0.000000 0.000000 1.000000
0.872116 -0.117744 -0.474921 3.369852 -0.040300 0.950032 -0.309539 59.428185 0.487636 0.289093 0.823794 1.931364 0.000000 0.000000 0.000000 1.000000
0.860447 -0.109094 -0.497725 2.904713 -0.071613 0.941224 -0.330104 59.289875 0.504483 0.319681 0.802061 2.490836 0.000000 0.000000 0.000000 1.000000
0.841218 -0.101385 -0.531105 2.586965 -0.111824 0.928404 -0.354345 59.373764 0.529006 0.357472 0.769654 3.227022 0.000000 0.000000 0.000000 1.000000
0.818101 -0.097063 -0.566824 2.299403 -0.153948 0.912714 -0.378489 59.597008 0.554085 0.396904 0.731750 3.775116 0.000000 0.000000 0.000000 1.000000
0.794721 -0.099161 -0.598820 1.992298 -0.189921 0.896402 -0.400491 60.013767 0.576497 0.432008 0.693557 4.011112 0.000000 0.000000 0.000000 1.000000
0.775553 -0.116361 -0.620466 1.529954 -0.202752 0.884881 -0.419378 60.904255 0.597838 0.451050 0.662679 3.835381 0.000000 0.000000 0.000000 1.000000
0.760877 -0.146355 -0.632176 0.871287 -0.190441 0.880966 -0.433164 62.503983 0.620322 0.449977 0.642434 3.450934 0.000000 0.000000 0.000000 1.000000
0.750049 -0.169925 -0.639180 0.245026 -0.163007 0.889124 -0.427653 64.094582 0.640980 0.424951 0.639188 2.807009 0.000000 0.000000 0.000000 1.000000
0.743173 -0.194394 -0.640238 -0.259860 -0.132093 0.895408 -0.425201 65.411957 0.655930 0.400569 0.639765 2.302124 0.000000 0.000000 0.000000 1.000000
0.740110 -0.216470 -0.636693 -0.487803 -0.089529 0.906631 -0.412317 66.783272 0.666500 0.362163 0.651626 1.771787 0.000000 0.000000 0.000000 1.000000
0.717411 -0.242276 -0.653165 -0.401200 -0.054287 0.915286 -0.399130 67.705109 0.694532 0.321798 0.643484 1.264354 0.000000 0.000000 0.000000 1.000000
0.675786 -0.270839 -0.685536 -0.016980 -0.032195 0.918314 -0.394540 67.937988 0.736395 0.288695 0.611864 0.815803 0.000000 0.000000 0.000000 1.000000
0.637396 -0.289876 -0.713931 0.436479 -0.019897 0.920037 -0.391325 67.794243 0.770279 0.263634 0.580660 0.409642 0.000000 0.000000 0.000000 1.000000</float_array>
        <technique_common>
          <accessor source="#mixamorig_Hips-Matrix-animation-output-transform-array" count="38" stride="16">
            <param type="float4x4"/>
          </accessor>
        </technique_common>
      </source>
      <source id="mixamorig_Hips-Interpolations">
        <Name_array id="mixamorig_Hips-Interpolations-array" count="38">
 LINEAR LINEAR LINEAR LINEAR LINEAR LINEAR LINEAR LINEAR LINEAR LINEAR LINEAR
LINEAR LINEAR LINEAR LINEAR LINEAR LINEAR LINEAR LINEAR LINEAR LINEAR LINEAR LINEAR
LINEAR LINEAR LINEAR LINEAR LINEAR LINEAR LINEAR LINEAR LINEAR LINEAR LINEAR LINEAR
LINEAR LINEAR LINEAR</Name_array>
        <technique_common>
          <accessor source="#mixamorig_Hips-Interpolations-array" count="38">
            <param type="name"/>
          </accessor>
        </technique_common>
      </source>
      <sampler id="mixamorig_Hips-Matrix-animation-transform">
        <input semantic="INPUT" source="#mixamorig_Hips-Matrix-animation-input"/>
        <input semantic="OUTPUT" source="#mixamorig_Hips-Matrix-animation-output-transform"/>
        <input semantic="INTERPOLATION" source="#mixamorig_Hips-Interpolations"/>
      </sampler>
      <channel source="#mixamorig_Hips-Matrix-animation-transform" target="mixamorig_Hips/matrix"/>
    </animation>
    <animation id="mixamorig_Spine-anim" name="mixamorig_Spine">
      <source id="mixamorig_Spine-Matrix-animation-input">
        <float_array id="mixamorig_Spine-Matrix-animation-input-array" count="38">

0.000000 0.033333 0.066667 0.100000 0.133333 0.166667 0.200000 0.233333 0.266667 0.300000 0.333333 0.366667 0.400000 0.433333 0.466667 0.500000
0.533333 0.566667 0.600000 0.633333 0.666667 0.700000 0.733333 0.766667 0.800000 0.833333 0.866667 0.900000 0.933333 0.966667 1.000000 1.033333
1.066667 1.100000 1.133333 1.166667 1.200000 1.233333</float_array>
        <technique_common>
          <accessor source="#mixamorig_Spine-Matrix-animation-input-array" count="38">
            <param name="TIME" type="float"/>
          </accessor>
        </technique_common>
      </source>
      <source id="mixamorig_Spine-Matrix-animation-output-transform">
        <float_array id="mixamorig_Spine-Matrix-animation-output-transform-array" count="608">

0.995525 0.082604 -0.045891 0.000000 -0.094386 0.892686 -0.440685 10.871300 0.004564 0.443044 0.896488 -0.951400 0.000000 0.000000 0.000000 1.000000
0.992374 0.112301 -0.050817 -0.000000 -0.123220 0.892728 -0.433421 10.871300 -0.003308 0.436377 0.899758 -0.951400 0.000000 0.000000 0.000000 1.000000
0.990482 0.128166 -0.050185 0.000000 -0.137317 0.895093 -0.424209 10.871300 -0.009449 0.427062 0.904173 -0.951400 0.000000 0.000000 0.000000 1.000000
0.988911 0.139750 -0.050256 0.000000 -0.147973 0.898420 -0.413455 10.871300 -0.012629 0.416306 0.909137 -0.951400 0.000000 0.000000 0.000000 1.000000
0.988513 0.142433 -0.050537 0.000000 -0.150678 0.902866 -0.402652 10.871300 -0.011723 0.405642 0.913957 -0.951400 0.000000 0.000000 0.000000 1.000000
0.987872 0.147636 -0.048079 0.000000 -0.154456 0.902790 -0.401390 10.871300 -0.015855 0.403948 0.914644 -0.951400 0.000000 0.000000 0.000000 1.000000
0.985737 0.162384 -0.044201 0.000000 -0.166495 0.902685 -0.396787 10.871300 -0.024532 0.398487 0.916846 -0.951400 0.000000 0.000000 0.000000 1.000000
0.984010 0.171966 -0.046391 0.000000 -0.176711 0.909948 -0.375191 10.871300 -0.022306 0.377390 0.925786 -0.951400 0.000000 0.000000 0.000000 1.000000
0.985795 0.160675 -0.048914 0.000000 -0.167042 0.907614 -0.385141 10.871300 -0.017487 0.387841 0.921560 -0.951400 0.000000 0.000000 0.000000 1.000000
0.989304 0.140106 -0.040596 -0.000000 -0.144763 0.908809 -0.391292 10.871300 -0.017929 0.392984 0.919371 -0.951400 0.000000 0.000000 0.000000 1.000000
0.989783 0.139306 -0.030390 0.000000 -0.140392 0.914955 -0.378349 10.871300 -0.024901 0.378750 0.925164 -0.951400 0.000000 0.000000 0.000000 1.000000
0.990794 0.134042 -0.018966 0.000000 -0.131482 0.919426 -0.370631 10.871300 -0.032243 0.369713 0.928586 -0.951400 0.000000 0.000000 0.000000 1.000000
0.993870 0.110163 -0.009321 0.000000 -0.105693 0.922027 -0.372418 10.871300 -0.032432 0.371121 0.928018 -0.951400 0.000000 0.000000 0.000000 1.000000
0.996502 0.083435 -0.004651 0.000000 -0.079163 0.924726 -0.372310 10.871300 -0.026763 0.371376 0.928097 -0.951400 0.000000 0.000000 0.000000 1.000000
0.997193 0.074816 -0.002999 -0.000000 -0.070337 0.922265 -0.380104 10.871300 -0.025672 0.379248 0.924939 -0.951400 0.000000 0.000000 0.000000 1.000000
0.997353 0.072681 -0.001895 0.000000 -0.067668 0.918397 -0.389830 10.871300 -0.026593 0.388927 0.920885 -0.951400 0.000000 0.000000 0.000000 1.000000
0.997798 0.066313 -0.000994 0.000000 -0.061098 0.913292 -0.402696 10.871300 -0.025796 0.401870 0.915333 -0.951400 0.000000 0.000000 0.000000 1.000000
0.998245 0.059215 -0.000760 0.000000 -0.054133 0.907202 -0.417199 10.871300 -0.024015 0.416508 0.908815 -0.951400 0.000000 0.000000 0.000000 1.000000
0.998738 0.050171 -0.002211 0.000000 -0.046212 0.900918 -0.431522 10.871300 -0.019658 0.431080 0.902100 -0.951400 0.000000 0.000000 0.000000 1.000000
0.999252 0.038149 -0.006287 0.000000 -0.036973 0.895313 -0.443900 10.871300 -0.011306 0.443801 0.896054 -0.951400 0.000000 0.000000 0.000000 1.000000
0.999745 0.019221 -0.011833 0.000000 -0.022487 0.893335 -0.448828 10.871300 0.001944 0.448980 0.893540 -0.951400 0.000000 0.000000 0.000000 1.000000
0.999839 0.003521 -0.017571 0.000000 -0.010999 0.894680 -0.446572 10.871300 0.014148 0.446694 0.894575 -0.951400 0.000000 0.000000 0.000000 1.000000
0.999634 -0.009805 -0.025194 0.000000 -0.002278 0.898059 -0.439870 10.871300 0.026939 0.439767 0.897708 -0.951400 0.000000 0.000000 0.000000 1.000000
0.999335 -0.021393 -0.029541 0.000000 0.006530 0.901783 -0.432139 10.871300 0.035884 0.431659 0.901323 -0.951400 0.000000 0.000000 0.000000 1.000000
0.998962 -0.033825 -0.030509 0.000000 0.017632 0.904694 -0.425697 10.871300 0.042000 0.424717 0.904351 -0.951400 0.000000 0.000000 0.000000 1.000000
0.998411 -0.049816 -0.026358 -0.000000 0.034133 0.906615 -0.420577 10.871300 0.044848 0.419009 0.906874 -0.951400 0.000000 0.000000 0.000000 1.000000
0.998106 -0.060712 -0.009945 0.000000 0.051151 0.908767 -0.414157 10.871300 0.034182 0.412864 0.910151 -0.951400 0.000000 0.000000 0.000000 1.000000
0.997879 -0.062770 0.017239 -0.000000 0.064362 0.911821 -0.405512 10.871300 0.009735 0.405762 0.913927 -0.951400 0.000000 0.000000 0.000000 1.000000
0.996827 -0.065420 0.045339 0.000000 0.078073 0.914488 -0.397009 10.871300 -0.015490 0.399289 0.916694 -0.951400 0.000000 0.000000 0.000000 1.000000
0.994717 -0.080163 0.064126 0.000000 0.099000 0.914322 -0.392701 10.871300 -0.027151 0.396974 0.917428 -0.951400 0.000000 0.000000 0.000000 1.000000
0.994391 -0.080125 0.069038 0.000000 0.100808 0.915512 -0.389456 10.871300 -0.032000 0.394231 0.918454 -0.951400 0.000000 0.000000 0.000000 1.000000
0.996300 -0.062901 0.058569 0.000000 0.080838 0.917254 -0.390013 10.871300 -0.029190 0.393304 0.918945 -0.951400 0.000000 0.000000 0.000000 1.000000
0.998178 -0.045933 0.039135 -0.000000 0.057886 0.912070 -0.405927 10.871300 -0.017049 0.407453 0.913067 -0.951400 0.000000 0.000000 0.000000 1.000000
0.999150 -0.037946 0.016115 -0.000000 0.041214 0.910114 -0.412303 10.871300 0.000979 0.412617 0.910904 -0.951400 0.000000 0.000000 0.000000 1.000000
0.999573 -0.027735 -0.009146 0.000000 0.021187 0.904237 -0.426504 10.871300 0.020099 0.426128 0.904439 -0.951400 0.000000 0.000000 0.000000 1.000000
0.999588 0.001377 -0.028686 -0.000000 -0.013816 0.898734 -0.438276 10.871300 0.025178 0.438492 0.898383 -0.951400 0.000000 0.000000 0.000000 1.000000
0.998254 0.043583 -0.039879 -0.000000 -0.056673 0.897073 -0.438233 10.871300 0.016674 0.439727 0.897977 -0.951400 0.000000 0.000000 0.000000 1.000000
0.995533 0.082557 -0.045810 -0.000000 -0.094307 0.892705 -0.440663 10.871300 0.004515 0.443015 0.896503 -0.951400 0.000000 0.000000 0.000000 1.000000</float_array>
        <technique_common>
          <accessor source="#mixamorig_Spine-Matrix-animation-output-transform-array" count="38" stride="16">
            <param type="float4x4"/>
          </accessor>
        </technique_common>
      </source>
      <source id="mixamorig_Spine-Interpolations">
        <Name_array id="mixamorig_Spine-Interpolations-array" count="38">
 LINEAR LINEAR LINEAR LINEAR LINEAR LINEAR LINEAR LINEAR LINEAR LINEAR LINEAR
LINEAR LINEAR LINEAR LINEAR LINEAR LINEAR LINEAR LINEAR LINEAR LINEAR LINEAR LINEAR
LINEAR LINEAR LINEAR LINEAR LINEAR LINEAR LINEAR LINEAR LINEAR LINEAR LINEAR LINEAR
LINEAR LINEAR LINEAR</Name_array>
        <technique_common>
          <accessor source="#mixamorig_Spine-Interpolations-array" count="38">
            <param type="name"/>
          </accessor>
        </technique_common>
      </source>
      <sampler id="mixamorig_Spine-Matrix-animation-transform">
        <input semantic="INPUT" source="#mixamorig_Spine-Matrix-animation-input"/>
        <input semantic="OUTPUT" source="#mixamorig_Spine-Matrix-animation-output-transform"/>
        <input semantic="INTERPOLATION" source="#mixamorig_Spine-Interpolations"/>
      </sampler>
      <channel source="#mixamorig_Spine-Matrix-animation-transform" target="mixamorig_Spine/matrix"/>
    </animation>
    <animation id="mixamorig_Spine1-anim" name="mixamorig_Spine1">
      <source id="mixamorig_Spine1-Matrix-animation-input">
        <float_array id="mixamorig_Spine1-Matrix-animation-input-array" count="38">

0.000000 0.033333 0.066667 0.100000 0.133333 0.166667 0.200000 0.233333 0.266667 0.300000 0.333333 0.366667 0.400000 0.433333 0.466667 0.500000
0.533333 0.566667 0.600000 0.633333 0.666667 0.700000 0.733333 0.766667 0.800000 0.833333 0.866667 0.900000 0.933333 0.966667 1.000000 1.033333
1.066667 1.100000 1.133333 1.166667 1.200000 1.233333</float_array>
        <technique_common>
          <accessor source="#mixamorig_Spine1-Matrix-animation-input-array" count="38">
            <param name="TIME" type="float"/>
          </accessor>
        </technique_common>
      </source>
      <source id="mixamorig_Spine1-Matrix-animation-output-transform">
        <float_array id="mixamorig_Spine1-Matrix-animation-output-transform-array" count="608">

0.998962 -0.004238 -0.045362 0.000000 -0.001108 0.993108 -0.117199 12.731600 0.045546 0.117128 0.992072 0.000000 0.000000 0.000000 0.000000 1.000000
0.999334 0.004900 -0.036170 0.000000 -0.008901 0.993748 -0.111287 12.731600 0.035399 0.111535 0.993130 0.000000 0.000000 0.000000 0.000000 1.000000
0.999571 0.006374 -0.028581 0.000000 -0.009448 0.994024 -0.108749 12.731600 0.027717 0.108973 0.993658 -0.000000 0.000000 0.000000 0.000000 1.000000
0.999692 0.010208 -0.022613 -0.000000 -0.012558 0.994249 -0.106353 12.731600 0.021398 0.106605 0.994071 -0.000000 0.000000 0.000000 0.000000 1.000000
0.999649 0.019519 -0.017913 0.000000 -0.021384 0.993629 -0.110651 12.731600 0.015639 0.110995 0.993698 0.000000 0.000000 0.000000 0.000000 1.000000
0.999641 0.025359 -0.008639 -0.000000 -0.026184 0.993025 -0.114955 12.731600 0.005663 0.115140 0.993333 0.000000 0.000000 0.000000 0.000000 1.000000
0.999704 0.024105 0.003285 -0.000000 -0.023587 0.993441 -0.111882 12.731600 -0.005960 0.111772 0.993716 0.000000 0.000000 0.000000 0.000000 1.000000
0.999433 0.032880 0.007283 -0.000000 -0.031888 0.993495 -0.109322 12.731600 -0.010830 0.109028 0.993980 0.000000 0.000000 0.000000 0.000000 1.000000
0.999373 0.035130 0.004475 0.000000 -0.034410 0.993141 -0.111749 12.731600 -0.008370 0.111525 0.993726 -0.000000 0.000000 0.000000 0.000000 1.000000
0.999688 0.023784 0.007664 -0.000000 -0.022725 0.992877 -0.116955 12.731600 -0.010391 0.116745 0.993108 0.000000 0.000000 0.000000 0.000000 1.000000
0.999735 0.013275 0.018823 -0.000000 -0.011020 0.993283 -0.115187 12.731600 -0.020226 0.114949 0.993165 0.000000 0.000000 0.000000 0.000000 1.000000
0.999653 -0.003151 0.026155 0.000000 0.006187 0.993134 -0.116815 12.731600 -0.025607 0.116936 0.992809 0.000000 0.000000 0.000000 0.000000 1.000000
0.999458 -0.018917 0.026957 0.000000 0.022131 0.991983 -0.124420 12.731600 -0.024388 0.124950 0.991863 -0.000000 0.000000 0.000000 0.000000 1.000000
0.999371 -0.029202 0.020122 -0.000000 0.031522 0.991438 -0.126714 12.731600 -0.016249 0.127269 0.991735 0.000000 0.000000 0.000000 0.000000 1.000000
0.999373 -0.032492 0.014061 -0.000000 0.034044 0.990970 -0.129686 12.731600 -0.009721 0.130084 0.991455 0.000000 0.000000 0.000000 0.000000 1.000000
0.999422 -0.033024 0.008061 -0.000000 0.033801 0.990645 -0.132213 12.731600 -0.003620 0.132409 0.991189 -0.000000 0.000000 0.000000 0.000000 1.000000
0.999375 -0.035343 -0.000980 -0.000000 0.034901 0.990564 -0.132533 12.731600 0.005655 0.132416 0.991178 0.000000 0.000000 0.000000 0.000000 1.000000
0.999207 -0.038217 -0.011202 0.000000 0.036409 0.990602 -0.131841 12.731600 0.016135 0.131328 0.991208 -0.000000 0.000000 0.000000 0.000000 1.000000
0.998847 -0.041854 -0.023518 0.000000 0.038433 0.990667 -0.130775 12.731600 0.028772 0.129720 0.991133 0.000000 0.000000 0.000000 0.000000 1.000000
0.998164 -0.046465 -0.038842 0.000000 0.041057 0.990664 -0.129998 12.731600 0.044520 0.128165 0.990753 0.000000 0.000000 0.000000 0.000000 1.000000
0.996725 -0.052960 -0.061103 0.000000 0.044713 0.990607 -0.129219 12.731600 0.067372 0.126064 0.989732 0.000000 0.000000 0.000000 0.000000 1.000000
0.995309 -0.057404 -0.077878 -0.000000 0.046932 0.990377 -0.130197 12.731600 0.084602 0.125931 0.988425 0.000000 0.000000 0.000000 0.000000 1.000000
0.993770 -0.057769 -0.095313 0.000000 0.044773 0.990069 -0.133263 12.731600 0.102065 0.128166 0.986487 0.000000 0.000000 0.000000 0.000000 1.000000
0.992220 -0.057508 -0.110416 -0.000000 0.042177 0.989744 -0.136483 12.731600 0.117133 0.130765 0.984470 0.000000 0.000000 0.000000 0.000000 1.000000
0.991164 -0.059579 -0.118508 0.000000 0.042926 0.989444 -0.138414 12.731600 0.125504 0.132103 0.983259 0.000000 0.000000 0.000000 0.000000 1.000000
0.990715 -0.065574 -0.119098 0.000000 0.048708 0.989040 -0.139381 12.731600 0.126933 0.132286 0.983051 -0.000000 0.000000 0.000000 0.000000 1.000000
0.990661 -0.074966 -0.113891 0.000000 0.058700 0.988409 -0.140007 12.731600 0.123067 0.132014 0.983579 0.000000 0.000000 0.000000 0.000000 1.000000
0.990790 -0.085286 -0.105173 -0.000000 0.070175 0.987685 -0.139835 12.731600 0.115803 0.131167 0.984573 -0.000000 0.000000 0.000000 0.000000 1.000000
0.990981 -0.094427 -0.095081 -0.000000 0.080755 0.987051 -0.138595 12.731600 0.106937 0.129667 0.985774 -0.000000 0.000000 0.000000 0.000000 1.000000
0.991303 -0.100056 -0.085484 0.000000 0.087874 0.986804 -0.136003 12.731600 0.097964 0.127308 0.987014 0.000000 0.000000 0.000000 0.000000 1.000000
0.992117 -0.097644 -0.078550 0.000000 0.086803 0.987543 -0.131241 12.731600 0.090386 0.123388 0.988234 -0.000000 0.000000 0.000000 0.000000 1.000000
0.993440 -0.087110 -0.074092 0.000000 0.077354 0.989053 -0.125663 12.731600 0.084227 0.119107 0.989302 0.000000 0.000000 0.000000 0.000000 1.000000
0.994416 -0.075921 -0.073295 0.000000 0.066263 0.989785 -0.126236 12.731600 0.082131 0.120674 0.989289 0.000000 0.000000 0.000000 0.000000 1.000000
0.995141 -0.063817 -0.074972 0.000000 0.053954 0.990445 -0.126918 12.731600 0.082355 0.122257 0.989076 0.000000 0.000000 0.000000 0.000000 1.000000
0.995570 -0.049968 -0.079648 -0.000000 0.039328 0.990739 -0.129962 12.731600 0.085405 0.126254 0.988315 0.000000 0.000000 0.000000 0.000000 1.000000
0.996792 -0.033126 -0.072857 -0.000000 0.023468 0.991284 -0.129632 12.731600 0.076517 0.127507 0.988882 0.000000 0.000000 0.000000 0.000000 1.000000
0.998232 -0.014574 -0.057627 -0.000000 0.007386 0.992376 -0.123025 12.731600 0.058980 0.122382 0.990729 0.000000 0.000000 0.000000 0.000000 1.000000
0.998962 -0.004190 -0.045353 0.000000 -0.001152 0.993116 -0.117130 12.731600 0.045532 0.117061 0.992080 0.000000 0.000000 0.000000 0.000000 1.000000</float_array>
        <technique_common>
          <accessor source="#mixamorig_Spine1-Matrix-animation-output-transform-array" count="38" stride="16">
            <param type="float4x4"/>
          </accessor>
        </technique_common>
      </source>
      <source id="mixamorig_Spine1-Interpolations">
        <Name_array id="mixamorig_Spine1-Interpolations-array" count="38">
 LINEAR LINEAR LINEAR LINEAR LINEAR LINEAR LINEAR LINEAR LINEAR LINEAR LINEAR
LINEAR LINEAR LINEAR LINEAR LINEAR LINEAR LINEAR LINEAR LINEAR LINEAR LINEAR LINEAR
LINEAR LINEAR LINEAR LINEAR LINEAR LINEAR LINEAR LINEAR LINEAR LINEAR LINEAR LINEAR
LINEAR LINEAR LINEAR</Name_array>
        <technique_common>
          <accessor source="#mixamorig_Spine1-Interpolations-array" count="38">
            <param type="name"/>
          </accessor>
        </technique_common>
      </source>
      <sampler id="mixamorig_Spine1-Matrix-animation-transform">
        <input semantic="INPUT" source="#mixamorig_Spine1-Matrix-animation-input"/>
        <input semantic="OUTPUT" source="#mixamorig_Spine1-Matrix-animation-output-transform"/>
        <input semantic="INTERPOLATION" source="#mixamorig_Spine1-Interpolations"/>
      </sampler>
      <channel source="#mixamorig_Spine1-Matrix-animation-transform" target="mixamorig_Spine1/matrix"/>
    </animation>
    <animation id="mixamorig_Spine2-anim" name="mixamorig_Spine2">
      <source id="mixamorig_Spine2-Matrix-animation-input">
        <float_array id="mixamorig_Spine2-Matrix-animation-input-array" count="38">

0.000000 0.033333 0.066667 0.100000 0.133333 0.166667 0.200000 0.233333 0.266667 0.300000 0.333333 0.366667 0.400000 0.433333 0.466667 0.500000
0.533333 0.566667 0.600000 0.633333 0.666667 0.700000 0.733333 0.766667 0.800000 0.833333 0.866667 0.900000 0.933333 0.966667 1.000000 1.033333
1.066667 1.100000 1.133333 1.166667 1.200000 1.233333</float_array>
        <technique_common>
          <accessor source="#mixamorig_Spine2-Matrix-animation-input-array" count="38">
            <param name="TIME" type="float"/>
          </accessor>
        </technique_common>
      </source>
      <source id="mixamorig_Spine2-Matrix-animation-output-transform">
        <float_array id="mixamorig_Spine2-Matrix-animation-output-transform-array" count="608">

0.999048 -0.006721 -0.043109 0.000000 0.001596 0.993032 -0.117832 14.550400 0.043601 0.117651 0.992097 -0.000000 0.000000 0.000000 0.000000 1.000000
0.999406 0.003068 -0.034336 0.000000 -0.006895 0.993697 -0.111889 14.550400 0.033776 0.112059 0.993127 0.000000 0.000000 0.000000 0.000000 1.000000
0.999628 0.005111 -0.026801 0.000000 -0.008012 0.993982 -0.109249 14.550400 0.026081 0.109423 0.993653 0.000000 0.000000 0.000000 0.000000 1.000000
0.999734 0.009351 -0.021072 -0.000000 -0.011550 0.994218 -0.106753 14.550400 0.019952 0.106968 0.994062 0.000000 0.000000 0.000000 0.000000 1.000000
0.999677 0.018944 -0.016926 0.000000 -0.020708 0.993612 -0.110936 14.550400 0.014717 0.111251 0.993683 0.000000 0.000000 0.000000 0.000000 1.000000
0.999648 0.025289 -0.007977 0.000000 -0.026039 0.993016 -0.115071 14.550400 0.005012 0.115238 0.993325 -0.000000 0.000000 0.000000 0.000000 1.000000
0.999686 0.024727 0.004131 0.000000 -0.024110 0.993437 -0.111810 14.550400 -0.006868 0.111676 0.993721 0.000000 0.000000 0.000000 0.000000 1.000000
0.999402 0.033676 0.007791 0.000000 -0.032625 0.993486 -0.109181 14.550400 -0.011417 0.108862 0.993991 -0.000000 0.000000 0.000000 0.000000 1.000000
0.999351 0.035699 0.004818 0.000000 -0.034938 0.993131 -0.111667 14.550400 -0.008771 0.111426 0.993734 -0.000000 0.000000 0.000000 0.000000 1.000000
0.999662 0.024538 0.008542 -0.000000 -0.023373 0.992877 -0.116826 14.550400 -0.011347 0.116587 0.993116 0.000000 0.000000 0.000000 0.000000 1.000000
0.999687 0.014692 0.020252 0.000000 -0.012271 0.993303 -0.114889 14.550400 -0.021804 0.114604 0.993172 0.000000 0.000000 0.000000 0.000000 1.000000
0.999593 -0.001280 0.028514 0.000000 0.004592 0.993191 -0.116408 14.550400 -0.028171 0.116491 0.992792 0.000000 0.000000 0.000000 0.000000 1.000000
0.999407 -0.016977 0.029961 0.000000 0.020571 0.992063 -0.124046 14.550400 -0.027618 0.124589 0.991824 0.000000 0.000000 0.000000 0.000000 1.000000
0.999344 -0.027657 0.023374 -0.000000 0.030398 0.991508 -0.126446 14.550400 -0.019678 0.127074 0.991698 -0.000000 0.000000 0.000000 0.000000 1.000000
0.999358 -0.031263 0.017479 -0.000000 0.033267 0.991024 -0.129482 14.550400 -0.013274 0.129980 0.991428 0.000000 0.000000 0.000000 0.000000 1.000000
0.999417 -0.032114 0.011563 0.000000 0.033361 0.990679 -0.132071 14.550400 -0.007214 0.132379 0.991173 0.000000 0.000000 0.000000 0.000000 1.000000
0.999385 -0.034963 0.002665 -0.000000 0.035008 0.990569 -0.132471 14.550400 0.001992 0.132483 0.991183 -0.000000 0.000000 0.000000 0.000000 1.000000
0.999233 -0.038450 -0.007398 0.000000 0.037140 0.990570 -0.131874 14.550400 0.012399 0.131498 0.991239 0.000000 0.000000 0.000000 0.000000 1.000000
0.998891 -0.042842 -0.019506 -0.000000 0.039929 0.990587 -0.130933 14.550400 0.024932 0.130009 0.991199 0.000000 0.000000 0.000000 0.000000 1.000000
0.998231 -0.048404 -0.034532 0.000000 0.043522 0.990516 -0.130321 14.550400 0.040513 0.128588 0.990870 -0.000000 0.000000 0.000000 0.000000 1.000000
0.996823 -0.056299 -0.056347 -0.000000 0.048596 0.990348 -0.129801 14.550400 0.063111 0.126651 0.989938 0.000000 0.000000 0.000000 0.000000 1.000000
0.995431 -0.061729 -0.072842 -0.000000 0.051809 0.990029 -0.130990 14.550400 0.080201 0.126618 0.988704 -0.000000 0.000000 0.000000 0.000000 1.000000
0.993924 -0.063073 -0.090206 -0.000000 0.050612 0.989646 -0.134313 14.550400 0.097743 0.128932 0.986825 -0.000000 0.000000 0.000000 0.000000 1.000000
0.992401 -0.063645 -0.105304 0.000000 0.048825 0.989260 -0.137771 14.550400 0.112942 0.131582 0.984850 -0.000000 0.000000 0.000000 0.000000 1.000000
0.991350 -0.066150 -0.113355 0.000000 0.050004 0.988918 -0.139788 14.550400 0.121346 0.132910 0.983672 0.000000 0.000000 0.000000 0.000000 1.000000
0.990879 -0.072154 -0.113808 -0.000000 0.055825 0.988484 -0.140650 14.550400 0.122646 0.133014 0.983496 0.000000 0.000000 0.000000 0.000000 1.000000
0.990786 -0.081218 -0.108381 -0.000000 0.065552 0.987837 -0.141003 14.550400 0.118514 0.132599 0.984059 -0.000000 0.000000 0.000000 0.000000 1.000000
0.990873 -0.091008 -0.099439 0.000000 0.076566 0.987119 -0.140480 14.550400 0.110943 0.131584 0.985077 0.000000 0.000000 0.000000 0.000000 1.000000
0.991028 -0.099547 -0.089186 0.000000 0.086596 0.986516 -0.138881 14.550400 0.101808 0.129911 0.986285 0.000000 0.000000 0.000000 0.000000 1.000000
0.991326 -0.104610 -0.079563 -0.000000 0.093167 0.986318 -0.136000 14.550400 0.092702 0.127408 0.987509 -0.000000 0.000000 0.000000 0.000000 1.000000
0.992131 -0.101798 -0.072889 0.000000 0.091649 0.987119 -0.131135 14.550400 0.085299 0.123423 0.988681 0.000000 0.000000 0.000000 0.000000 1.000000
0.993461 -0.091025 -0.068923 0.000000 0.081871 0.988691 -0.125646 14.550400 0.079581 0.119182 0.989678 -0.000000 0.000000 0.000000 0.000000 1.000000
0.994458 -0.079873 -0.068363 0.000000 0.070778 0.989446 -0.126441 14.550400 0.077741 0.120902 0.989616 -0.000000 0.000000 0.000000 0.000000 1.000000
0.995197 -0.067883 -0.070537 -0.000000 0.058516 0.990137 -0.127296 14.550400 0.078483 0.122557 0.989353 -0.000000 0.000000 0.000000 0.000000 1.000000
0.995644 -0.054407 -0.075711 0.000000 0.044196 0.990456 -0.130551 14.550400 0.082092 0.126636 0.988547 0.000000 0.000000 0.000000 0.000000 1.000000
0.996884 -0.037252 -0.069526 -0.000000 0.027942 0.991069 -0.130386 14.550400 0.073762 0.128037 0.989023 0.000000 0.000000 0.000000 0.000000 1.000000
0.998323 -0.017790 -0.055084 0.000000 0.010851 0.992248 -0.123803 14.550400 0.056859 0.122997 0.990777 -0.000000 0.000000 0.000000 0.000000 1.000000
0.999049 -0.006651 -0.043091 0.000000 0.001526 0.993025 -0.117893 14.550400 0.043575 0.117715 0.992091 0.000000 0.000000 0.000000 0.000000 1.000000</float_array>
        <technique_common>
          <accessor source="#mixamorig_Spine2-Matrix-animation-output-transform-array" count="38" stride="16">
            <param type="float4x4"/>
          </accessor>
        </technique_common>
      </source>
      <source id="mixamorig_Spine2-Interpolations">
        <Name_array id="mixamorig_Spine2-Interpolations-array" count="38">
 LINEAR LINEAR LINEAR LINEAR LINEAR LINEAR LINEAR LINEAR LINEAR LINEAR LINEAR
LINEAR LINEAR LINEAR LINEAR LINEAR LINEAR LINEAR LINEAR LINEAR LINEAR LINEAR LINEAR
LINEAR LINEAR LINEAR LINEAR LINEAR LINEAR LINEAR LINEAR LINEAR LINEAR LINEAR LINEAR
LINEAR LINEAR LINEAR</Name_array>
        <technique_common>
          <accessor source="#mixamorig_Spine2-Interpolations-array" count="38">
            <param type="name"/>
          </accessor>
        </technique_common>
      </source>
      <sampler id="mixamorig_Spine2-Matrix-animation-transform">
        <input semantic="INPUT" source="#mixamorig_Spine2-Matrix-animation-input"/>
        <input semantic="OUTPUT" source="#mixamorig_Spine2-Matrix-animation-output-transform"/>
        <input semantic="INTERPOLATION" source="#mixamorig_Spine2-Interpolations"/>
      </sampler>
      <channel source="#mixamorig_Spine2-Matrix-animation-transform" target="mixamorig_Spine2/matrix"/>
    </animation>
    <animation id="mixamorig_Neck-anim" name="mixamorig_Neck">
      <source id="mixamorig_Neck-Matrix-animation-input">
        <float_array id="mixamorig_Neck-Matrix-animation-input-array" count="38">

0.000000 0.033333 0.066667 0.100000 0.133333 0.166667 0.200000 0.233333 0.266667 0.300000 0.333333 0.366667 0.400000 0.433333 0.466667 0.500000
0.533333 0.566667 0.600000 0.633333 0.666667 0.700000 0.733333 0.766667 0.800000 0.833333 0.866667 0.900000 0.933333 0.966667 1.000000 1.033333
1.066667 1.100000 1.133333 1.166667 1.200000 1.233333</float_array>
        <technique_common>
          <accessor source="#mixamorig_Neck-Matrix-animation-input-array" count="38">
            <param name="TIME" type="float"/>
          </accessor>
        </technique_common>
      </source>
      <source id="mixamorig_Neck-Matrix-animation-output-transform">
        <float_array id="mixamorig_Neck-Matrix-animation-output-transform-array" count="608">

0.877529 0.201146 0.435296 -0.000000 -0.349571 0.889725 0.293580 16.369200 -0.328241 -0.409792 0.851075 -0.000000 0.000000 0.000000 0.000000 1.000000
0.880654 0.191897 0.433157 0.000000 -0.337080 0.896261 0.288259 16.369200 -0.332905 -0.399865 0.853980 0.000000 0.000000 0.000000 0.000000 1.000000
0.878036 0.196588 0.436355 0.000000 -0.339729 0.898207 0.278941 16.369200 -0.337100 -0.393163 0.855445 -0.000000 0.000000 0.000000 0.000000 1.000000
0.877377 0.196003 0.437941 -0.000000 -0.335902 0.902682 0.268950 16.369200 -0.342607 -0.383076 0.857831 0.000000 0.000000 0.000000 0.000000 1.000000
0.877903 0.190963 0.439113 0.000000 -0.331662 0.903946 0.269968 16.369200 -0.345380 -0.382642 0.856912 0.000000 0.000000 0.000000 0.000000 1.000000
0.874671 0.192402 0.444896 0.000000 -0.336643 0.901498 0.271978 16.369200 -0.348744 -0.387663 0.853285 0.000000 0.000000 0.000000 0.000000 1.000000
0.875054 0.189061 0.445575 -0.000000 -0.332920 0.903315 0.270529 16.369200 -0.351348 -0.385068 0.853392 0.000000 0.000000 0.000000 0.000000 1.000000
0.884662 0.174289 0.432430 0.000000 -0.320025 0.901495 0.291360 16.369200 -0.339053 -0.396144 0.853296 -0.000000 0.000000 0.000000 0.000000 1.000000
0.896563 0.159512 0.413195 -0.000000 -0.305432 0.898264 0.315965 16.369200 -0.320758 -0.409486 0.854070 0.000000 0.000000 0.000000 0.000000 1.000000
0.906834 0.150687 0.393630 0.000000 -0.290237 0.900461 0.323932 16.369200 -0.305637 -0.407999 0.860304 0.000000 0.000000 0.000000 0.000000 1.000000
0.921070 0.116418 0.371586 0.000000 -0.253125 0.904145 0.344165 16.369200 -0.295901 -0.411057 0.862250 -0.000000 0.000000 0.000000 0.000000 1.000000
0.928845 0.098128 0.357237 -0.000000 -0.231799 0.906147 0.353790 16.369200 -0.288992 -0.411423 0.864416 0.000000 0.000000 0.000000 0.000000 1.000000
0.934775 0.080631 0.345968 0.000000 -0.212811 0.906908 0.363634 16.369200 -0.284441 -0.413542 0.864914 0.000000 0.000000 0.000000 0.000000 1.000000
0.937423 0.074204 0.340193 0.000000 -0.205953 0.905955 0.369905 16.369200 -0.280751 -0.416821 0.864546 -0.000000 0.000000 0.000000 0.000000 1.000000
0.934593 0.079551 0.346710 -0.000000 -0.215270 0.902419 0.373228 16.369200 -0.283187 -0.423452 0.860519 0.000000 0.000000 0.000000 0.000000 1.000000
0.930781 0.086511 0.355194 0.000000 -0.224113 0.902642 0.367439 16.369200 -0.288825 -0.421609 0.859550 0.000000 0.000000 0.000000 0.000000 1.000000
0.927290 0.095191 0.362038 0.000000 -0.232415 0.904550 0.357452 16.369200 -0.293455 -0.415605 0.860905 -0.000000 0.000000 0.000000 0.000000 1.000000
0.923705 0.104875 0.368470 -0.000000 -0.240481 0.907432 0.344580 16.369200 -0.298224 -0.406900 0.863420 0.000000 0.000000 0.000000 0.000000 1.000000
0.920845 0.114275 0.372809 -0.000000 -0.247416 0.910210 0.332119 16.369200 -0.301381 -0.398069 0.866435 -0.000000 0.000000 0.000000 0.000000 1.000000
0.919616 0.122046 0.373378 0.000000 -0.252325 0.912016 0.323355 16.369200 -0.301062 -0.391575 0.869500 -0.000000 0.000000 0.000000 0.000000 1.000000
0.922128 0.126287 0.365693 0.000000 -0.252543 0.912550 0.321674 16.369200 -0.293090 -0.388978 0.873381 0.000000 0.000000 0.000000 0.000000 1.000000
0.924327 0.131278 0.358310 -0.000000 -0.253494 0.913087 0.319395 16.369200 -0.285239 -0.386054 0.877269 0.000000 0.000000 0.000000 0.000000 1.000000
0.928247 0.133597 0.347143 0.000000 -0.249645 0.915612 0.315169 16.369200 -0.275743 -0.379217 0.883267 0.000000 0.000000 0.000000 0.000000 1.000000
0.931769 0.134811 0.337093 -0.000000 -0.245717 0.917694 0.312188 16.369200 -0.267262 -0.373717 0.888204 -0.000000 0.000000 0.000000 0.000000 1.000000
0.932785 0.135624 0.333942 -0.000000 -0.246020 0.916685 0.314902 16.369200 -0.263412 -0.375892 0.888436 0.000000 0.000000 0.000000 0.000000 1.000000
0.931043 0.135605 0.338779 0.000000 -0.250978 0.911897 0.324736 16.369200 -0.264896 -0.387369 0.883049 0.000000 0.000000 0.000000 0.000000 1.000000
0.927192 0.134318 0.349676 -0.000000 -0.259260 0.903891 0.340243 16.369200 -0.270369 -0.406128 0.872904 -0.000000 0.000000 0.000000 0.000000 1.000000
0.921964 0.132760 0.363809 0.000000 -0.269965 0.893858 0.357962 16.369200 -0.277670 -0.428243 0.859946 0.000000 0.000000 0.000000 0.000000 1.000000
0.916096 0.131836 0.378666 0.000000 -0.282098 0.883047 0.375032 16.369200 -0.284937 -0.450386 0.846146 0.000000 0.000000 0.000000 0.000000 1.000000
0.910395 0.132584 0.391921 0.000000 -0.294495 0.873009 0.388751 16.369200 -0.290609 -0.469336 0.833829 0.000000 0.000000 0.000000 0.000000 1.000000
0.905693 0.138458 0.400688 -0.000000 -0.306741 0.866441 0.393942 16.369200 -0.292628 -0.479698 0.827200 0.000000 0.000000 0.000000 0.000000 1.000000
0.901237 0.151417 0.406011 0.000000 -0.320158 0.864077 0.388419 16.369200 -0.292011 -0.480045 0.827216 0.000000 0.000000 0.000000 0.000000 1.000000
0.893852 0.170707 0.414594 0.000000 -0.336814 0.866003 0.369588 16.369200 -0.295948 -0.469998 0.831575 0.000000 0.000000 0.000000 0.000000 1.000000
0.889822 0.181881 0.418494 0.000000 -0.344230 0.869599 0.353984 16.369200 -0.299539 -0.459040 0.836396 -0.000000 0.000000 0.000000 0.000000 1.000000
0.887455 0.188617 0.420532 0.000000 -0.347935 0.872564 0.342890 16.369200 -0.302266 -0.450618 0.839987 0.000000 0.000000 0.000000 0.000000 1.000000
0.885470 0.192017 0.423170 -0.000000 -0.348924 0.876165 0.332546 16.369200 -0.306912 -0.442114 0.842817 0.000000 0.000000 0.000000 0.000000 1.000000
0.883661 0.192838 0.426564 -0.000000 -0.342504 0.887487 0.308315 16.369200 -0.319115 -0.418546 0.850285 0.000000 0.000000 0.000000 0.000000 1.000000
0.877585 0.201077 0.435215 0.000000 -0.349432 0.889805 0.293503 16.369200 -0.328240 -0.409652 0.851142 0.000000 0.000000 0.000000 0.000000 1.000000</float_array>
        <technique_common>
          <accessor source="#mixamorig_Neck-Matrix-animation-output-transform-array" count="38" stride="16">
            <param type="float4x4"/>
          </accessor>
        </technique_common>
      </source>
      <source id="mixamorig_Neck-Interpolations">
        <Name_array id="mixamorig_Neck-Interpolations-array" count="38">
 LINEAR LINEAR LINEAR LINEAR LINEAR LINEAR LINEAR LINEAR LINEAR LINEAR LINEAR
LINEAR LINEAR LINEAR LINEAR LINEAR LINEAR LINEAR LINEAR LINEAR LINEAR LINEAR LINEAR
LINEAR LINEAR LINEAR LINEAR LINEAR LINEAR LINEAR LINEAR LINEAR LINEAR LINEAR LINEAR
LINEAR LINEAR LINEAR</Name_array>
        <technique_common>
          <accessor source="#mixamorig_Neck-Interpolations-array" count="38">
            <param type="name"/>
          </accessor>
        </technique_common>
      </source>
      <sampler id="mixamorig_Neck-Matrix-animation-transform">
        <input semantic="INPUT" source="#mixamorig_Neck-Matrix-animation-input"/>
        <input semantic="OUTPUT" source="#mixamorig_Neck-Matrix-animation-output-transform"/>
