<?xml version="1.0" encoding="utf-8"?>
<COLLADA xmlns="http://www.collada.org/2005/11/COLLADASchema" version="1.4.1">
  <asset>
    <contributor>
      <author>Mixamo</author>
      <authoring_tool>COLLADA Mixamo exporter</authoring_tool>
      <comments/>
    </contributor>
    <created>2025-01-03T22:45:09Z</created>
    <modified>2025-01-03T22:45:09Z</modified>
    <revision/>
    <title/>
    <unit meter="0.010000"/>
    <up_axis>Y_UP</up_axis>
  </asset>
  <library_animations>
    <animation id="mixamorig_Hips-anim" name="mixamorig_Hips">
      <source id="mixamorig_Hips-Matrix-animation-input">
        <float_array id="mixamorig_Hips-Matrix-animation-input-array" count="166">

0.000000 0.033333 0.066667 0.100000 0.133333 0.166667 0.200000 0.233333 0.266667 0.300000 0.333333 0.366667 0.400000 0.433333 0.466667 0.500000
0.533333 0.566667 0.600000 0.633333 0.666667 0.700000 0.733333 0.766667 0.800000 0.833333 0.866667 0.900000 0.933333 0.966667 1.000000 1.033333
1.066667 1.100000 1.133333 1.166667 1.200000 1.233333 1.266667 1.300000 1.333333 1.366667 1.400000 1.433333 1.466667 1.500000 1.533333 1.566667
1.600000 1.633333 1.666667 1.700000 1.733333 1.766667 1.800000 1.833333 1.866667 1.900000 1.933333 1.966667 2.000000 2.033333 2.066667 2.100000
2.133333 2.166667 2.200000 2.233333 2.266667 2.300000 2.333333 2.366667 2.400000 2.433333 2.466667 2.500000 2.533333 2.566667 2.600000 2.633333
2.666667 2.700000 2.733333 2.766667 2.800000 2.833333 2.866667 2.900000 2.933333 2.966667 3.000000 3.033333 3.066667 3.100000 3.133333 3.166667
3.200000 3.233333 3.266667 3.300000 3.333333 3.366667 3.400000 3.433333 3.466667 3.500000 3.533333 3.566667 3.600000 3.633333 3.666667 3.700000
3.733333 3.766667 3.800000 3.833333 3.866667 3.900000 3.933333 3.966667 4.000000 4.033333 4.066667 4.100000 4.133333 4.166667 4.200000 4.233333
4.266667 4.300000 4.333333 4.366667 4.400000 4.433333 4.466667 4.500000 4.533333 4.566667 4.600000 4.633333 4.666667 4.700000 4.733333 4.766667
4.800000 4.833333 4.866667 4.900000 4.933333 4.966667 5.000000 5.033333 5.066667 5.100000 5.133333 5.166667 5.200000 5.233333 5.266667 5.300000
5.333333 5.366667 5.400000 5.433333 5.466667 5.500000</float_array>
        <technique_common>
          <accessor source="#mixamorig_Hips-Matrix-animation-input-array" count="166">
            <param name="TIME" type="float"/>
          </accessor>
        </technique_common>
      </source>
      <source id="mixamorig_Hips-Matrix-animation-output-transform">
        <float_array id="mixamorig_Hips-Matrix-animation-output-transform-array" count="2656">

0.519630 -0.331612 -0.787412 0.089949 -0.054282 0.906931 -0.417768 45.006359 0.852665 0.259827 0.453268 1.445065 0.000000 0.000000 0.000000 1.000000
0.520651 -0.332048 -0.786554 0.043919 -0.054738 0.906394 -0.418873 44.968704 0.852013 0.261141 0.453739 1.473492 0.000000 0.000000 0.000000 1.000000
0.521675 -0.332502 -0.785683 0.002024 -0.055229 0.905833 -0.420020 44.929035 0.851355 0.262507 0.454186 1.504229 0.000000 0.000000 0.000000 1.000000
0.522703 -0.332975 -0.784799 -0.036223 -0.055752 0.905247 -0.421211 44.887325 0.850690 0.263922 0.454611 1.537617 0.000000 0.000000 0.000000 1.000000
0.523732 -0.333441 -0.783914 -0.071215 -0.056255 0.904668 -0.422388 44.846161 0.850023 0.265318 0.455046 1.571514 0.000000 0.000000 0.000000 1.000000
0.524751 -0.333812 -0.783074 -0.099533 -0.056593 0.904189 -0.423366 44.814194 0.849372 0.266479 0.455583 1.603210 0.000000 0.000000 0.000000 1.000000
0.525748 -0.334014 -0.782320 -0.122492 -0.056639 0.903896 -0.423985 44.799049 0.848753 0.267219 0.456303 1.630865 0.000000 0.000000 0.000000 1.000000
0.526729 -0.334102 -0.781622 -0.141416 -0.056484 0.903730 -0.424361 44.795044 0.848154 0.267673 0.457149 1.655879 0.000000 0.000000 0.000000 1.000000
0.527695 -0.334131 -0.780957 -0.157562 -0.056266 0.903617 -0.424630 44.796104 0.847568 0.268017 0.458034 1.680198 0.000000 0.000000 0.000000 1.000000
0.528615 -0.334032 -0.780377 -0.171818 -0.055990 0.903600 -0.424703 44.807175 0.847013 0.268198 0.458954 1.703688 0.000000 0.000000 0.000000 1.000000
0.529461 -0.333757 -0.779922 -0.186177 -0.055716 0.903691 -0.424545 44.830505 0.846503 0.268234 0.459873 1.726901 0.000000 0.000000 0.000000 1.000000
0.530247 -0.333291 -0.779586 -0.199411 -0.055572 0.903854 -0.424216 44.864548 0.846020 0.268263 0.460744 1.750907 0.000000 0.000000 0.000000 1.000000
0.530908 -0.332480 -0.779483 -0.209919 -0.055887 0.904081 -0.423690 44.914032 0.845585 0.268503 0.461402 1.779549 0.000000 0.000000 0.000000 1.000000
0.531427 -0.331320 -0.779623 -0.219142 -0.056745 0.904349 -0.423005 44.976807 0.845201 0.269036 0.461795 1.814590 0.000000 0.000000 0.000000 1.000000
0.531726 -0.329673 -0.780118 -0.228436 -0.058375 0.904670 -0.422096 45.057072 0.844902 0.269979 0.461792 1.858772 0.000000 0.000000 0.000000 1.000000
0.531415 -0.326794 -0.781540 -0.233752 -0.061950 0.905131 -0.420595 45.180084 0.844844 0.271927 0.460755 1.925926 0.000000 0.000000 0.000000 1.000000
0.530942 -0.323616 -0.783181 -0.236728 -0.066010 0.905605 -0.418953 45.313473 0.844833 0.274137 0.459462 1.997959 0.000000 0.000000 0.000000 1.000000
0.530262 -0.320176 -0.785054 -0.229121 -0.070696 0.906030 -0.417266 45.464012 0.844881 0.276761 0.457798 2.077087 0.000000 0.000000 0.000000 1.000000
0.529382 -0.316605 -0.787094 -0.207703 -0.076002 0.906328 -0.415683 45.632816 0.844973 0.279876 0.455731 2.169213 0.000000 0.000000 0.000000 1.000000
0.528308 -0.313014 -0.789249 -0.170942 -0.081891 0.906444 -0.414310 45.820007 0.845095 0.283516 0.453248 2.279001 0.000000 0.000000 0.000000 1.000000
0.526699 -0.309309 -0.791780 -0.091020 -0.089873 0.905966 -0.413700 46.062954 0.845287 0.289055 0.449373 2.466911 0.000000 0.000000 0.000000 1.000000
0.525229 -0.306179 -0.793970 0.007328 -0.097936 0.905079 -0.413813 46.318188 0.845306 0.295105 0.445388 2.689124 0.000000 0.000000 0.000000 1.000000
0.524762 -0.302679 -0.795619 0.121921 -0.106114 0.904099 -0.413938 46.597633 0.844609 0.301645 0.442319 2.959069 0.000000 0.000000 0.000000 1.000000
0.526456 -0.298704 -0.796003 0.255294 -0.114203 0.902921 -0.414357 46.917038 0.842497 0.309047 0.441235 3.292761 0.000000 0.000000 0.000000 1.000000
0.528412 -0.296510 -0.795527 0.389815 -0.121902 0.900821 -0.416727 47.299141 0.840191 0.317179 0.439859 3.670027 0.000000 0.000000 0.000000 1.000000
0.531454 -0.295574 -0.793847 0.495301 -0.129793 0.897669 -0.421122 47.773323 0.837085 0.326843 0.438706 4.075790 0.000000 0.000000 0.000000 1.000000
0.536314 -0.295523 -0.790590 0.582247 -0.137773 0.893481 -0.427445 48.329773 0.832698 0.338167 0.438472 4.504269 0.000000 0.000000 0.000000 1.000000
0.544156 -0.290998 -0.786902 0.634702 -0.146849 0.890408 -0.430824 48.892815 0.826032 0.349991 0.441788 4.939798 0.000000 0.000000 0.000000 1.000000
0.554393 -0.282188 -0.782955 0.638858 -0.157087 0.888373 -0.431413 49.444271 0.817296 0.362164 0.448179 5.378280 0.000000 0.000000 0.000000 1.000000
0.561910 -0.276209 -0.779722 0.644131 -0.167161 0.885242 -0.434054 50.042030 0.810132 0.374239 0.451255 5.813379 0.000000 0.000000 0.000000 1.000000
0.570071 -0.268964 -0.776323 0.669730 -0.178690 0.881689 -0.436685 50.775711 0.801929 0.387662 0.454564 6.313894 0.000000 0.000000 0.000000 1.000000
0.580765 -0.258229 -0.772030 0.677604 -0.191722 0.878295 -0.437997 51.581078 0.791173 0.402388 0.460574 6.856599 0.000000 0.000000 0.000000 1.000000
0.591695 -0.247935 -0.767089 0.650784 -0.204231 0.874390 -0.440150 52.428844 0.779863 0.417098 0.466736 7.410442 0.000000 0.000000 0.000000 1.000000
0.603014 -0.236888 -0.761747 0.596805 -0.216223 0.870611 -0.441909 53.260166 0.767868 0.431184 0.473770 7.961044 0.000000 0.000000 0.000000 1.000000
0.612037 -0.227358 -0.757443 0.517898 -0.227511 0.866672 -0.443980 54.043190 0.757397 0.444059 0.478709 8.459175 0.000000 0.000000 0.000000 1.000000
0.619846 -0.218594 -0.753663 0.444992 -0.238211 0.862684 -0.446130 54.828411 0.747694 0.456062 0.482660 8.935478 0.000000 0.000000 0.000000 1.000000
0.625371 -0.210054 -0.751524 0.402326 -0.248114 0.859581 -0.446721 55.502342 0.739831 0.465830 0.485439 9.348471 0.000000 0.000000 0.000000 1.000000
0.630110 -0.200964 -0.750050 0.359275 -0.260086 0.855514 -0.447717 56.083103 0.731654 0.477189 0.486800 9.735493 0.000000 0.000000 0.000000 1.000000
0.634398 -0.191755 -0.748846 0.314011 -0.272432 0.851124 -0.448741 56.632637 0.723409 0.488689 0.487711 10.113523 0.000000 0.000000 0.000000 1.000000
0.637964 -0.182730 -0.748072 0.261396 -0.284147 0.847028 -0.449226 57.155556 0.715725 0.499152 0.488451 10.480589 0.000000 0.000000 0.000000 1.000000
0.640773 -0.174297 -0.747684 0.199647 -0.294663 0.843466 -0.449154 57.660355 0.708932 0.508120 0.489111 10.837675 0.000000 0.000000 0.000000 1.000000
0.642206 -0.168236 -0.747842 0.127700 -0.302794 0.840597 -0.449125 58.109642 0.704193 0.514873 0.488895 11.157560 0.000000 0.000000 0.000000 1.000000
0.642275 -0.162217 -0.749111 0.065998 -0.308841 0.839724 -0.446634 58.517494 0.701498 0.518218 0.489235 11.419840 0.000000 0.000000 0.000000 1.000000
0.641350 -0.156544 -0.751109 -0.015718 -0.314882 0.839017 -0.443733 58.910286 0.699657 0.521099 0.488811 11.666983 0.000000 0.000000 0.000000 1.000000
0.640396 -0.151057 -0.753044 -0.119003 -0.320154 0.838723 -0.440506 59.284641 0.698137 0.523188 0.488753 11.882896 0.000000 0.000000 0.000000 1.000000
0.639644 -0.145663 -0.754743 -0.234460 -0.324975 0.838569 -0.437257 59.632694 0.696596 0.524961 0.489049 12.077787 0.000000 0.000000 0.000000 1.000000
0.641567 -0.138959 -0.754375 -0.354094 -0.327819 0.839449 -0.433428 59.935448 0.693488 0.525372 0.493010 12.243573 0.000000 0.000000 0.000000 1.000000
0.643958 -0.132539 -0.753493 -0.477449 -0.329563 0.840762 -0.429544 60.226208 0.690439 0.524932 0.497735 12.388004 0.000000 0.000000 0.000000 1.000000
0.644556 -0.129315 -0.753541 -0.607345 -0.330190 0.841859 -0.426906 60.495308 0.689581 0.523977 0.499927 12.475704 0.000000 0.000000 0.000000 1.000000
0.645988 -0.127365 -0.752647 -0.711351 -0.330710 0.841950 -0.426323 60.696568 0.687990 0.524308 0.501769 12.533366 0.000000 0.000000 0.000000 1.000000
0.647906 -0.126110 -0.751208 -0.803434 -0.330628 0.841895 -0.426496 60.845337 0.686223 0.524700 0.503773 12.536779 0.000000 0.000000 0.000000 1.000000
0.649864 -0.125246 -0.749660 -0.894196 -0.330332 0.841760 -0.426990 60.975166 0.684513 0.525122 0.505657 12.521334 0.000000 0.000000 0.000000 1.000000
0.651657 -0.124999 -0.748143 -0.984040 -0.329940 0.841416 -0.427971 61.089561 0.682995 0.525733 0.507073 12.490063 0.000000 0.000000 0.000000 1.000000
0.653604 -0.124888 -0.746461 -1.064707 -0.329503 0.840955 -0.429212 61.181675 0.681344 0.526496 0.508500 12.434082 0.000000 0.000000 0.000000 1.000000
0.655906 -0.124623 -0.744484 -1.136780 -0.328828 0.840602 -0.430418 61.250046 0.679455 0.527121 0.510377 12.361813 0.000000 0.000000 0.000000 1.000000
0.658242 -0.124449 -0.742448 -1.206819 -0.328016 0.840282 -0.431662 61.305946 0.677586 0.527673 0.512288 12.286411 0.000000 0.000000 0.000000 1.000000
0.660641 -0.124289 -0.740341 -1.276240 -0.327109 0.839992 -0.432914 61.351547 0.675687 0.528173 0.514277 12.210260 0.000000 0.000000 0.000000 1.000000
0.663134 -0.124070 -0.738146 -1.346535 -0.326143 0.839731 -0.434145 61.390083 0.673709 0.528638 0.516390 12.134331 0.000000 0.000000 0.000000 1.000000
0.665747 -0.123716 -0.735850 -1.416689 -0.325164 0.839498 -0.435329 61.426334 0.671602 0.529091 0.518665 12.056665 0.000000 0.000000 0.000000 1.000000
0.668510 -0.123150 -0.733436 -1.487561 -0.324212 0.839292 -0.436435 61.463165 0.669314 0.529550 0.521148 11.978184 0.000000 0.000000 0.000000 1.000000
0.671450 -0.122296 -0.730889 -1.560770 -0.323328 0.839111 -0.437437 61.503342 0.666794 0.530034 0.523880 11.900501 0.000000 0.000000 0.000000 1.000000
0.674595 -0.121080 -0.728191 -1.637916 -0.322551 0.838956 -0.438308 61.549400 0.663990 0.530559 0.526901 11.825135 0.000000 0.000000 0.000000 1.000000
0.677969 -0.119427 -0.725325 -1.720780 -0.321922 0.838826 -0.439019 61.603996 0.660852 0.531139 0.530251 11.753653 0.000000 0.000000 0.000000 1.000000
0.681599 -0.117260 -0.722269 -1.810977 -0.321481 0.838719 -0.439545 61.669743 0.657322 0.531790 0.533973 11.687445 0.000000 0.000000 0.000000 1.000000
0.685508 -0.114506 -0.719004 -1.910114 -0.321268 0.838636 -0.439860 61.749287 0.653349 0.532521 0.538105 11.627914 0.000000 0.000000 0.000000 1.000000
0.690112 -0.110429 -0.715228 -2.028270 -0.321520 0.838618 -0.439709 61.856525 0.648359 0.533409 0.543236 11.578705 0.000000 0.000000 0.000000 1.000000
0.696367 -0.102979 -0.710260 -2.188446 -0.323059 0.838740 -0.438347 62.023289 0.640864 0.534706 0.550802 11.546805 0.000000 0.000000 0.000000 1.000000
0.703019 -0.094708 -0.704837 -2.363317 -0.325044 0.838726 -0.436904 62.210678 0.632543 0.536255 0.558856 11.528791 0.000000 0.000000 0.000000 1.000000
0.710069 -0.086522 -0.698796 -2.554631 -0.327046 0.838354 -0.436122 62.417587 0.623573 0.538215 0.566993 11.534335 0.000000 0.000000 0.000000 1.000000
0.717187 -0.078480 -0.692448 -2.740588 -0.329113 0.837706 -0.435814 62.653690 0.614270 0.540453 0.574963 11.572630 0.000000 0.000000 0.000000 1.000000
0.724420 -0.071287 -0.685663 -2.905284 -0.330809 0.836682 -0.436497 62.908970 0.604798 0.543030 0.582527 11.639271 0.000000 0.000000 0.000000 1.000000
0.731284 -0.065442 -0.678926 -3.048621 -0.331802 0.835539 -0.437929 63.188477 0.595928 0.545520 0.589303 11.729040 0.000000 0.000000 0.000000 1.000000
0.736950 -0.061340 -0.673158 -3.173831 -0.332733 0.833945 -0.440255 63.495560 0.588382 0.548428 0.594166 11.836908 0.000000 0.000000 0.000000 1.000000
0.741876 -0.058705 -0.667962 -3.277368 -0.333651 0.831764 -0.443672 63.818680 0.581633 0.552016 0.597479 11.974543 0.000000 0.000000 0.000000 1.000000
0.745425 -0.055502 -0.664275 -3.375884 -0.335947 0.829437 -0.446289 64.114258 0.575744 0.555837 0.599637 12.124270 0.000000 0.000000 0.000000 1.000000
0.747857 -0.051617 -0.661850 -3.474855 -0.339686 0.826820 -0.448310 64.384186 0.570371 0.560093 0.600809 12.279285 0.000000 0.000000 0.000000 1.000000
0.750184 -0.048019 -0.659483 -3.568512 -0.343218 0.824203 -0.450435 64.648209 0.565177 0.564256 0.601823 12.433654 0.000000 0.000000 0.000000 1.000000
0.752093 -0.044632 -0.657544 -3.636727 -0.346261 0.822151 -0.451854 64.889282 0.560768 0.567518 0.602879 12.583500 0.000000 0.000000 0.000000 1.000000
0.752467 -0.041990 -0.657290 -3.646853 -0.348576 0.821354 -0.451521 65.063522 0.558828 0.568871 0.603405 12.709497 0.000000 0.000000 0.000000 1.000000
0.751605 -0.040028 -0.658397 -3.640769 -0.351718 0.820097 -0.451370 65.209457 0.558017 0.570822 0.602311 12.835112 0.000000 0.000000 0.000000 1.000000
0.749945 -0.039104 -0.660344 -3.621214 -0.355075 0.818455 -0.451722 65.311455 0.558126 0.573238 0.599911 12.953127 0.000000 0.000000 0.000000 1.000000
0.747901 -0.039125 -0.662657 -3.592903 -0.358140 0.816725 -0.452434 65.380470 0.558910 0.575699 0.596817 13.063644 0.000000 0.000000 0.000000 1.000000
0.745878 -0.039628 -0.664903 -3.564610 -0.360712 0.815154 -0.453224 65.440292 0.559959 0.577888 0.593710 13.171282 0.000000 0.000000 0.000000 1.000000
0.743892 -0.041051 -0.667037 -3.542350 -0.362145 0.814101 -0.453973 65.478027 0.561672 0.579271 0.590737 13.270287 0.000000 0.000000 0.000000 1.000000
0.741682 -0.042278 -0.669418 -3.519446 -0.363730 0.813181 -0.454353 65.501137 0.563567 0.580473 0.587744 13.370817 0.000000 0.000000 0.000000 1.000000
0.739529 -0.043801 -0.671698 -3.497613 -0.365132 0.812208 -0.454968 65.505440 0.565487 0.581721 0.584659 13.482398 0.000000 0.000000 0.000000 1.000000
0.737429 -0.044485 -0.673958 -3.482394 -0.366618 0.811678 -0.454719 65.515259 0.567265 0.582408 0.582246 13.604027 0.000000 0.000000 0.000000 1.000000
0.735314 -0.044846 -0.676241 -3.471755 -0.368152 0.811321 -0.454116 65.527328 0.569014 0.582878 0.580066 13.726576 0.000000 0.000000 0.000000 1.000000
0.733213 -0.044879 -0.678517 -3.465100 -0.369751 0.811103 -0.453206 65.544861 0.570686 0.583179 0.578117 13.851284 0.000000 0.000000 0.000000 1.000000
0.731153 -0.044589 -0.680755 -3.460080 -0.371418 0.810995 -0.452035 65.570877 0.572244 0.583352 0.576400 13.981550 0.000000 0.000000 0.000000 1.000000
0.729154 -0.043945 -0.682937 -3.460872 -0.373204 0.810950 -0.450643 65.608589 0.573632 0.583463 0.574907 14.112185 0.000000 0.000000 0.000000 1.000000
0.727358 -0.042372 -0.684949 -3.471535 -0.375236 0.811119 -0.448647 65.681076 0.574585 0.583344 0.574074 14.252182 0.000000 0.000000 0.000000 1.000000
0.725722 -0.041247 -0.686751 -3.491951 -0.377004 0.811144 -0.447116 65.764313 0.575496 0.583390 0.573115 14.399349 0.000000 0.000000 0.000000 1.000000
0.724300 -0.040656 -0.688285 -3.522430 -0.378356 0.811094 -0.446064 65.856354 0.576399 0.583501 0.572093 14.554083 0.000000 0.000000 0.000000 1.000000
0.723281 -0.040988 -0.689336 -3.571758 -0.378860 0.811037 -0.445740 65.957893 0.577347 0.583557 0.571079 14.713515 0.000000 0.000000 0.000000 1.000000
0.722790 -0.042525 -0.689758 -3.645028 -0.378276 0.810953 -0.446389 66.073196 0.578344 0.583564 0.570063 14.880472 0.000000 0.000000 0.000000 1.000000
0.722842 -0.045145 -0.689537 -3.743004 -0.376746 0.810762 -0.448026 66.207970 0.579277 0.583633 0.569045 15.058111 0.000000 0.000000 0.000000 1.000000
0.722839 -0.049033 -0.689274 -3.829247 -0.375160 0.809827 -0.451037 66.339149 0.580309 0.584616 0.566980 15.257967 0.000000 0.000000 0.000000 1.000000
0.721722 -0.052129 -0.690217 -3.881162 -0.374991 0.808706 -0.453185 66.452217 0.581807 0.585899 0.564112 15.458410 0.000000 0.000000 0.000000 1.000000
0.719600 -0.054353 -0.692258 -3.908165 -0.376013 0.807620 -0.454274 66.550003 0.583772 0.587194 0.560726 15.651802 0.000000 0.000000 0.000000 1.000000
0.717205 -0.056710 -0.694551 -3.908149 -0.377238 0.806421 -0.455386 66.623581 0.585925 0.588616 0.556976 15.845002 0.000000 0.000000 0.000000 1.000000
0.714586 -0.059190 -0.697039 -3.887155 -0.378624 0.805128 -0.456523 66.677124 0.588227 0.590141 0.552922 16.038912 0.000000 0.000000 0.000000 1.000000
0.711831 -0.061753 -0.699631 -3.853351 -0.380064 0.803814 -0.457640 66.716515 0.590634 0.591667 0.548710 16.231129 0.000000 0.000000 0.000000 1.000000
0.709086 -0.064433 -0.702172 -3.815187 -0.381367 0.802554 -0.458767 66.746033 0.593090 0.593090 0.544507 16.418158 0.000000 0.000000 0.000000 1.000000
0.706363 -0.067413 -0.704632 -3.764541 -0.382338 0.801414 -0.459949 66.751801 0.595709 0.594298 0.540315 16.591274 0.000000 0.000000 0.000000 1.000000
0.703696 -0.069076 -0.707135 -3.707532 -0.383880 0.800526 -0.460211 66.742119 0.597870 0.595304 0.536810 16.735550 0.000000 0.000000 0.000000 1.000000
0.700988 -0.069264 -0.709802 -3.653585 -0.386125 0.799919 -0.459387 66.722733 0.599603 0.596097 0.533989 16.851675 0.000000 0.000000 0.000000 1.000000
0.697882 -0.070018 -0.712782 -3.625896 -0.388400 0.799163 -0.458785 66.705986 0.601752 0.597022 0.530527 16.960775 0.000000 0.000000 0.000000 1.000000
0.694647 -0.071574 -0.715781 -3.605864 -0.390326 0.798314 -0.458628 66.688873 0.604244 0.597973 0.526609 17.050076 0.000000 0.000000 0.000000 1.000000
0.691379 -0.073227 -0.718771 -3.597835 -0.391932 0.797734 -0.458268 66.672928 0.606946 0.598546 0.522837 17.110273 0.000000 0.000000 0.000000 1.000000
0.688304 -0.074099 -0.721628 -3.605903 -0.393391 0.797667 -0.457133 66.658379 0.609492 0.598529 0.519888 17.149670 0.000000 0.000000 0.000000 1.000000
0.687382 -0.074253 -0.722491 -3.630803 -0.393524 0.798013 -0.456415 66.634315 0.610447 0.598048 0.519319 17.153526 0.000000 0.000000 0.000000 1.000000
0.687411 -0.074090 -0.722479 -3.663256 -0.393058 0.798553 -0.455871 66.605515 0.610714 0.597347 0.519813 17.141876 0.000000 0.000000 0.000000 1.000000
0.687629 -0.073853 -0.722296 -3.702146 -0.392405 0.799206 -0.455288 66.577621 0.610889 0.596502 0.520577 17.125866 0.000000 0.000000 0.000000 1.000000
0.688137 -0.073508 -0.721848 -3.765601 -0.391249 0.800239 -0.454468 66.559319 0.611058 0.595159 0.521914 17.100657 0.000000 0.000000 0.000000 1.000000
0.688668 -0.072854 -0.721408 -3.847219 -0.390009 0.801532 -0.453255 66.549141 0.611253 0.593497 0.523576 17.061680 0.000000 0.000000 0.000000 1.000000
0.689690 -0.071373 -0.720579 -3.933020 -0.388875 0.802939 -0.451735 66.548172 0.610823 0.591772 0.526024 17.041431 0.000000 0.000000 0.000000 1.000000
0.691176 -0.069621 -0.719325 -4.007863 -0.387698 0.804274 -0.450370 66.578369 0.609890 0.590166 0.528904 17.031462 0.000000 0.000000 0.000000 1.000000
0.692423 -0.068193 -0.718262 -4.063827 -0.386713 0.805366 -0.449264 66.638733 0.609101 0.588842 0.531283 17.005962 0.000000 0.000000 0.000000 1.000000
0.692632 -0.067253 -0.718149 -4.113451 -0.386483 0.806049 -0.448235 66.738632 0.609009 0.588015 0.532303 16.987276 0.000000 0.000000 0.000000 1.000000
0.691973 -0.066809 -0.718825 -4.157484 -0.386923 0.806298 -0.447408 66.873672 0.609478 0.587724 0.532087 16.977402 0.000000 0.000000 0.000000 1.000000
0.691196 -0.066488 -0.719602 -4.185528 -0.387400 0.806503 -0.446625 66.995995 0.610056 0.587480 0.531694 16.937897 0.000000 0.000000 0.000000 1.000000
0.690091 -0.066697 -0.720643 -4.191701 -0.387449 0.806985 -0.445712 67.084496 0.611275 0.586794 0.531051 16.855892 0.000000 0.000000 0.000000 1.000000
0.687598 -0.069108 -0.722796 -4.153032 -0.385740 0.808598 -0.444267 67.081139 0.615153 0.584289 0.529333 16.688808 0.000000 0.000000 0.000000 1.000000
0.685132 -0.072686 -0.724783 -4.078743 -0.382789 0.810616 -0.443141 66.994759 0.619731 0.581050 0.527556 16.476913 0.000000 0.000000 0.000000 1.000000
0.683847 -0.078597 -0.725380 -3.917374 -0.376800 0.813304 -0.443349 66.693420 0.624800 0.576507 0.526560 16.163902 0.000000 0.000000 0.000000 1.000000
0.684105 -0.088182 -0.724033 -3.661954 -0.366928 0.816301 -0.446113 66.089005 0.630368 0.570856 0.526079 15.709677 0.000000 0.000000 0.000000 1.000000
0.681121 -0.103069 -0.724880 -3.371391 -0.355274 0.819152 -0.450301 65.287834 0.640198 0.564241 0.521324 15.160236 0.000000 0.000000 0.000000 1.000000
0.673539 -0.117243 -0.729794 -3.033844 -0.344978 0.823345 -0.450658 64.312897 0.653709 0.555299 0.514109 14.522120 0.000000 0.000000 0.000000 1.000000
0.665551 -0.136543 -0.733756 -2.648193 -0.329269 0.828560 -0.452847 63.087120 0.669794 0.542996 0.506489 13.786945 0.000000 0.000000 0.000000 1.000000
0.656939 -0.157565 -0.737295 -2.243778 -0.311399 0.833903 -0.455671 61.767220 0.686631 0.528941 0.498758 13.018706 0.000000 0.000000 0.000000 1.000000
0.646645 -0.177428 -0.741869 -1.821227 -0.293730 0.839654 -0.456842 60.438652 0.703970 0.513323 0.490842 12.245995 0.000000 0.000000 0.000000 1.000000
0.633302 -0.194133 -0.749160 -1.362086 -0.277145 0.846934 -0.453754 59.145412 0.722578 0.494989 0.482563 11.464121 0.000000 0.000000 0.000000 1.000000
0.619999 -0.209404 -0.756142 -0.936623 -0.262037 0.853128 -0.451120 57.859085 0.739553 0.477831 0.474067 10.680574 0.000000 0.000000 0.000000 1.000000
0.604516 -0.226581 -0.763689 -0.614595 -0.248880 0.856982 -0.451266 56.602139 0.756716 0.462865 0.461668 9.905139 0.000000 0.000000 0.000000 1.000000
0.591230 -0.243257 -0.768943 -0.340074 -0.234192 0.860564 -0.452308 55.451881 0.771752 0.447499 0.451823 9.212756 0.000000 0.000000 0.000000 1.000000
0.580163 -0.255888 -0.773261 -0.097455 -0.218692 0.865569 -0.450515 54.331570 0.784592 0.430478 0.446211 8.543037 0.000000 0.000000 0.000000 1.000000
0.572714 -0.270445 -0.773859 0.037642 -0.201016 0.868859 -0.452412 53.226715 0.794727 0.414661 0.443244 7.857693 0.000000 0.000000 0.000000 1.000000
0.564410 -0.279157 -0.776861 0.113091 -0.189398 0.872190 -0.451014 52.208706 0.803474 0.401693 0.439401 7.216014 0.000000 0.000000 0.000000 1.000000
0.557237 -0.287648 -0.778939 0.194174 -0.174085 0.876763 -0.448309 51.287697 0.811900 0.385416 0.438489 6.638698 0.000000 0.000000 0.000000 1.000000
0.549590 -0.300562 -0.779496 0.201171 -0.157863 0.878872 -0.450182 50.464584 0.820384 0.370469 0.435572 6.096538 0.000000 0.000000 0.000000 1.000000
0.542792 -0.308936 -0.780983 0.192908 -0.145717 0.881145 -0.449833 49.791847 0.827130 0.357968 0.433262 5.575104 0.000000 0.000000 0.000000 1.000000
0.536089 -0.314119 -0.783542 0.186963 -0.135143 0.884283 -0.446968 49.191643 0.833274 0.345505 0.431603 5.055418 0.000000 0.000000 0.000000 1.000000
0.530535 -0.318837 -0.785415 0.153364 -0.124295 0.887288 -0.444152 48.667282 0.838501 0.333261 0.431107 4.563277 0.000000 0.000000 0.000000 1.000000
0.526282 -0.323549 -0.786348 0.101512 -0.113706 0.889694 -0.442172 48.212170 0.842673 0.322120 0.431441 4.119344 0.000000 0.000000 0.000000 1.000000
0.523899 -0.327422 -0.786337 0.045814 -0.103919 0.891703 -0.440531 47.791996 0.845418 0.312509 0.433136 3.710585 0.000000 0.000000 0.000000 1.000000
0.520241 -0.331658 -0.786989 -0.012753 -0.096637 0.892732 -0.440103 47.402710 0.848534 0.305012 0.432385 3.309183 0.000000 0.000000 0.000000 1.000000
0.517013 -0.334557 -0.787889 -0.049589 -0.089363 0.894329 -0.438395 47.045094 0.851300 0.297064 0.432483 2.946048 0.000000 0.000000 0.000000 1.000000
0.515083 -0.335863 -0.788597 -0.062627 -0.082218 0.896431 -0.435491 46.747101 0.853188 0.289150 0.434122 2.620807 0.000000 0.000000 0.000000 1.000000
0.514145 -0.336339 -0.789006 -0.070467 -0.076280 0.898330 -0.432648 46.513626 0.854304 0.282629 0.436216 2.325883 0.000000 0.000000 0.000000 1.000000
0.512579 -0.335837 -0.790239 -0.083589 -0.072227 0.900211 -0.429422 46.313057 0.855597 0.277189 0.437173 2.061658 0.000000 0.000000 0.000000 1.000000
0.511334 -0.333802 -0.791905 -0.100384 -0.070246 0.902164 -0.425636 46.142776 0.856506 0.273270 0.437859 1.867368 0.000000 0.000000 0.000000 1.000000
0.511212 -0.330976 -0.793169 -0.110727 -0.069183 0.904033 -0.421827 45.998306 0.856665 0.270517 0.439255 1.762805 0.000000 0.000000 0.000000 1.000000
0.511276 -0.327939 -0.794388 -0.115461 -0.068298 0.905907 -0.417933 45.861252 0.856699 0.267934 0.440771 1.675616 0.000000 0.000000 0.000000 1.000000
0.511482 -0.324970 -0.795475 -0.115360 -0.067511 0.907673 -0.414213 45.732254 0.856638 0.265566 0.442320 1.602331 0.000000 0.000000 0.000000 1.000000
0.511791 -0.322346 -0.796344 -0.111212 -0.066739 0.909221 -0.410929 45.612259 0.856514 0.263456 0.443818 1.539530 0.000000 0.000000 0.000000 1.000000
0.512159 -0.320349 -0.796912 -0.103744 -0.065901 0.910447 -0.408342 45.502029 0.856358 0.261653 0.445183 1.483712 0.000000 0.000000 0.000000 1.000000
0.512560 -0.319264 -0.797090 -0.093679 -0.064937 0.911233 -0.406740 45.403843 0.856193 0.260239 0.446330 1.433131 0.000000 0.000000 0.000000 1.000000
0.513052 -0.319185 -0.796805 -0.080817 -0.063920 0.911506 -0.406289 45.321327 0.855974 0.259379 0.447248 1.394946 0.000000 0.000000 0.000000 1.000000
0.513663 -0.319851 -0.796144 -0.065100 -0.062830 0.911402 -0.406693 45.251289 0.855688 0.258925 0.448057 1.370801 0.000000 0.000000 0.000000 1.000000
0.514410 -0.320974 -0.795209 -0.046588 -0.061624 0.911076 -0.407606 45.189575 0.855327 0.258680 0.448887 1.361085 0.000000 0.000000 0.000000 1.000000
0.515312 -0.322546 -0.793988 -0.025478 -0.060278 0.910536 -0.409013 45.135780 0.854880 0.258629 0.449768 1.368040 0.000000 0.000000 0.000000 1.000000
0.516343 -0.324608 -0.792477 -0.001673 -0.058824 0.909749 -0.410971 45.091610 0.854359 0.258818 0.450648 1.388300 0.000000 0.000000 0.000000 1.000000
0.517443 -0.326952 -0.790794 0.025233 -0.057309 0.908814 -0.413247 45.056015 0.853796 0.259151 0.451522 1.413436 0.000000 0.000000 0.000000 1.000000
0.518547 -0.329320 -0.789086 0.055698 -0.055786 0.907859 -0.415549 45.027702 0.853227 0.259502 0.452396 1.433779 0.000000 0.000000 0.000000 1.000000
0.519629 -0.331612 -0.787413 0.089966 -0.054283 0.906931 -0.417768 45.006287 0.852666 0.259827 0.453266 1.444853 0.000000 0.000000 0.000000 1.000000</float_array>
        <technique_common>
          <accessor source="#mixamorig_Hips-Matrix-animation-output-transform-array" count="166" stride="16">
            <param type="float4x4"/>
          </accessor>
        </technique_common>
      </source>
      <source id="mixamorig_Hips-Interpolations">
        <Name_array id="mixamorig_Hips-Interpolations-array" count="166">
 LINEAR LINEAR LINEAR LINEAR LINEAR LINEAR LINEAR LINEAR LINEAR LINEAR LINEAR
LINEAR LINEAR LINEAR LINEAR LINEAR LINEAR LINEAR LINEAR LINEAR LINEAR LINEAR LINEAR
LINEAR LINEAR LINEAR LINEAR LINEAR LINEAR LINEAR LINEAR LINEAR LINEAR LINEAR LINEAR
LINEAR LINEAR LINEAR LINEAR LINEAR LINEAR LINEAR LINEAR LINEAR LINEAR LINEAR LINEAR
LINEAR LINEAR LINEAR LINEAR LINEAR LINEAR LINEAR LINEAR LINEAR LINEAR LINEAR LINEAR
LINEAR LINEAR LINEAR LINEAR LINEAR LINEAR LINEAR LINEAR LINEAR LINEAR LINEAR LINEAR
LINEAR LINEAR LINEAR LINEAR LINEAR LINEAR LINEAR LINEAR LINEAR LINEAR LINEAR LINEAR
LINEAR LINEAR LINEAR LINEAR LINEAR LINEAR LINEAR LINEAR LINEAR LINEAR LINEAR LINEAR
LINEAR LINEAR LINEAR LINEAR LINEAR LINEAR LINEAR LINEAR LINEAR LINEAR LINEAR LINEAR
LINEAR LINEAR LINEAR LINEAR LINEAR LINEAR LINEAR LINEAR LINEAR LINEAR LINEAR LINEAR
LINEAR LINEAR LINEAR LINEAR LINEAR LINEAR LINEAR LINEAR LINEAR LINEAR LINEAR LINEAR
LINEAR LINEAR LINEAR LINEAR LINEAR LINEAR LINEAR LINEAR LINEAR LINEAR LINEAR LINEAR
LINEAR LINEAR LINEAR LINEAR LINEAR LINEAR LINEAR LINEAR LINEAR LINEAR LINEAR LINEAR
LINEAR LINEAR LINEAR LINEAR LINEAR LINEAR LINEAR LINEAR LINEAR LINEAR LINEAR</Name_array>
        <technique_common>
          <accessor source="#mixamorig_Hips-Interpolations-array" count="166">
            <param type="name"/>
          </accessor>
        </technique_common>
      </source>
      <sampler id="mixamorig_Hips-Matrix-animation-transform">
        <input semantic="INPUT" source="#mixamorig_Hips-Matrix-animation-input"/>
        <input semantic="OUTPUT" source="#mixamorig_Hips-Matrix-animation-output-transform"/>
        <input semantic="INTERPOLATION" source="#mixamorig_Hips-Interpolations"/>
      </sampler>
      <channel source="#mixamorig_Hips-Matrix-animation-transform" target="mixamorig_Hips/matrix"/>
    </animation>
    <animation id="mixamorig_Spine-anim" name="mixamorig_Spine">
      <source id="mixamorig_Spine-Matrix-animation-input">
        <float_array id="mixamorig_Spine-Matrix-animation-input-array" count="166">

0.000000 0.033333 0.066667 0.100000 0.133333 0.166667 0.200000 0.233333 0.266667 0.300000 0.333333 0.366667 0.400000 0.433333 0.466667 0.500000
0.533333 0.566667 0.600000 0.633333 0.666667 0.700000 0.733333 0.766667 0.800000 0.833333 0.866667 0.900000 0.933333 0.966667 1.000000 1.033333
1.066667 1.100000 1.133333 1.166667 1.200000 1.233333 1.266667 1.300000 1.333333 1.366667 1.400000 1.433333 1.466667 1.500000 1.533333 1.566667
1.600000 1.633333 1.666667 1.700000 1.733333 1.766667 1.800000 1.833333 1.866667 1.900000 1.933333 1.966667 2.000000 2.033333 2.066667 2.100000
2.133333 2.166667 2.200000 2.233333 2.266667 2.300000 2.333333 2.366667 2.400000 2.433333 2.466667 2.500000 2.533333 2.566667 2.600000 2.633333
2.666667 2.700000 2.733333 2.766667 2.800000 2.833333 2.866667 2.900000 2.933333 2.966667 3.000000 3.033333 3.066667 3.100000 3.133333 3.166667
3.200000 3.233333 3.266667 3.300000 3.333333 3.366667 3.400000 3.433333 3.466667 3.500000 3.533333 3.566667 3.600000 3.633333 3.666667 3.700000
3.733333 3.766667 3.800000 3.833333 3.866667 3.900000 3.933333 3.966667 4.000000 4.033333 4.066667 4.100000 4.133333 4.166667 4.200000 4.233333
4.266667 4.300000 4.333333 4.366667 4.400000 4.433333 4.466667 4.500000 4.533333 4.566667 4.600000 4.633333 4.666667 4.700000 4.733333 4.766667
4.800000 4.833333 4.866667 4.900000 4.933333 4.966667 5.000000 5.033333 5.066667 5.100000 5.133333 5.166667 5.200000 5.233333 5.266667 5.300000
5.333333 5.366667 5.400000 5.433333 5.466667 5.500000</float_array>
        <technique_common>
          <accessor source="#mixamorig_Spine-Matrix-animation-input-array" count="166">
            <param name="TIME" type="float"/>
          </accessor>
        </technique_common>
      </source>
      <source id="mixamorig_Spine-Matrix-animation-output-transform">
        <float_array id="mixamorig_Spine-Matrix-animation-output-transform-array" count="2656">

0.999817 0.017394 -0.007943 0.000000 -0.017092 0.999185 0.036567 10.871300 0.008573 -0.036425 0.999300 -0.951400 0.000000 0.000000 0.000000 1.000000
0.999805 0.017791 -0.008592 -0.000000 -0.017448 0.999105 0.038525 10.871300 0.009270 -0.038368 0.999221 -0.951400 0.000000 0.000000 0.000000 1.000000
0.999788 0.018395 -0.009262 0.000000 -0.018009 0.999032 0.040134 10.871300 0.009992 -0.039958 0.999151 -0.951400 0.000000 0.000000 0.000000 1.000000
0.999767 0.019150 -0.009965 0.000000 -0.018720 0.998959 0.041596 10.871300 0.010751 -0.041400 0.999085 -0.951400 0.000000 0.000000 0.000000 1.000000
0.999745 0.019891 -0.010647 -0.000000 -0.019414 0.998878 0.043186 10.871300 0.011494 -0.042968 0.999010 -0.951400 0.000000 0.000000 0.000000 1.000000
0.999726 0.020520 -0.011286 -0.000000 -0.019998 0.998807 0.044553 10.871300 0.012187 -0.044315 0.998943 -0.951400 0.000000 0.000000 0.000000 1.000000
0.999715 0.020750 -0.011841 -0.000000 -0.020190 0.998756 0.045586 10.871300 0.012772 -0.045334 0.998890 -0.951400 0.000000 0.000000 0.000000 1.000000
0.999705 0.020908 -0.012359 0.000000 -0.020317 0.998730 0.046112 10.871300 0.013307 -0.045847 0.998860 -0.951400 0.000000 0.000000 0.000000 1.000000
0.999699 0.020927 -0.012829 -0.000000 -0.020310 0.998713 0.046464 10.871300 0.013785 -0.046190 0.998838 -0.951400 0.000000 0.000000 0.000000 1.000000
0.999695 0.020857 -0.013241 0.000000 -0.020221 0.998715 0.046478 10.871300 0.014194 -0.046196 0.998832 -0.951400 0.000000 0.000000 0.000000 1.000000
0.999693 0.020773 -0.013500 -0.000000 -0.020131 0.998736 0.046063 10.871300 0.014439 -0.045777 0.998847 -0.951400 0.000000 0.000000 0.000000 1.000000
0.999695 0.020616 -0.013587 0.000000 -0.019979 0.998767 0.045437 10.871300 0.014507 -0.045151 0.998875 -0.951400 0.000000 0.000000 0.000000 1.000000
0.999702 0.020285 -0.013610 0.000000 -0.019659 0.998809 0.044664 10.871300 0.014500 -0.044383 0.998909 -0.951400 0.000000 0.000000 0.000000 1.000000
0.999714 0.019789 -0.013418 -0.000000 -0.019182 0.998850 0.043937 10.871300 0.014272 -0.043667 0.998944 -0.951400 0.000000 0.000000 0.000000 1.000000
0.999735 0.019076 -0.012873 0.000000 -0.018503 0.998893 0.043259 10.871300 0.013684 -0.043009 0.998981 -0.951400 0.000000 0.000000 0.000000 1.000000
0.999776 0.017840 -0.011405 0.000000 -0.017338 0.998939 0.042660 10.871300 0.012154 -0.042453 0.999025 -0.951400 0.000000 0.000000 0.000000 1.000000
0.999817 0.016485 -0.009729 0.000000 -0.016062 0.998986 0.042048 10.871300 0.010412 -0.041884 0.999068 -0.951400 0.000000 0.000000 0.000000 1.000000
0.999854 0.015162 -0.007881 -0.000000 -0.014827 0.999050 0.040988 10.871300 0.008495 -0.040865 0.999129 -0.951400 0.000000 0.000000 0.000000 1.000000
0.999883 0.014071 -0.006006 0.000000 -0.013823 0.999125 0.039481 10.871300 0.006556 -0.039393 0.999202 -0.951400 0.000000 0.000000 0.000000 1.000000
0.999902 0.013383 -0.004151 0.000000 -0.013217 0.999206 0.037575 10.871300 0.004651 -0.037517 0.999285 -0.951400 0.000000 0.000000 0.000000 1.000000
0.999900 0.013942 -0.002492 0.000000 -0.013843 0.999260 0.035893 10.871300 0.002991 -0.035855 0.999353 -0.951400 0.000000 0.000000 0.000000 1.000000
0.999880 0.015468 -0.001304 -0.000000 -0.015414 0.999300 0.034095 10.871300 0.001831 -0.034071 0.999418 -0.951400 0.000000 0.000000 0.000000 1.000000
0.999855 0.017038 -0.000480 0.000000 -0.017015 0.999351 0.031738 10.871300 0.001020 -0.031725 0.999496 -0.951400 0.000000 0.000000 0.000000 1.000000
0.999823 0.018809 0.000218 0.000000 -0.018808 0.999406 0.028888 10.871300 0.000326 -0.028887 0.999583 -0.951400 0.000000 0.000000 0.000000 1.000000
0.999773 0.021266 0.000997 0.000000 -0.021285 0.999416 0.026739 10.871300 -0.000428 -0.026754 0.999642 -0.951400 0.000000 0.000000 0.000000 1.000000
0.999727 0.023308 0.001547 0.000000 -0.023340 0.999402 0.025499 10.871300 -0.000952 -0.025528 0.999674 -0.951400 0.000000 0.000000 0.000000 1.000000
0.999689 0.024834 0.002152 0.000000 -0.024880 0.999384 0.024731 10.871300 -0.001537 -0.024777 0.999692 -0.951400 0.000000 0.000000 0.000000 1.000000
0.999679 0.025206 0.002691 -0.000000 -0.025260 0.999429 0.022463 10.871300 -0.002123 -0.022524 0.999744 -0.951400 0.000000 0.000000 0.000000 1.000000
0.999694 0.024543 0.003139 0.000000 -0.024599 0.999512 0.019271 10.871300 -0.002665 -0.019342 0.999809 -0.951400 0.000000 0.000000 0.000000 1.000000
0.999679 0.025058 0.003783 0.000000 -0.025124 0.999517 0.018278 10.871300 -0.003323 -0.018367 0.999826 -0.951400 0.000000 0.000000 0.000000 1.000000
0.999692 0.024400 0.004479 -0.000000 -0.024471 0.999563 0.016580 10.871300 -0.004073 -0.016684 0.999853 -0.951400 0.000000 0.000000 0.000000 1.000000
0.999766 0.021014 0.005149 0.000000 -0.021080 0.999691 0.013177 10.871300 -0.004870 -0.013283 0.999900 -0.951400 0.000000 0.000000 0.000000 1.000000
0.999827 0.017589 0.006118 0.000000 -0.017655 0.999785 0.010855 10.871300 -0.005925 -0.010962 0.999922 -0.951400 0.000000 0.000000 0.000000 1.000000
0.999867 0.014833 0.006810 0.000000 -0.014897 0.999844 0.009492 10.871300 -0.006668 -0.009592 0.999932 -0.951400 0.000000 0.000000 0.000000 1.000000
0.999870 0.013899 0.008178 0.000000 -0.013974 0.999860 0.009162 10.871300 -0.008049 -0.009275 0.999925 -0.951400 0.000000 0.000000 0.000000 1.000000
0.999856 0.013561 0.010216 0.000000 -0.013651 0.999868 0.008847 10.871300 -0.010095 -0.008985 0.999909 -0.951400 0.000000 0.000000 0.000000 1.000000
0.999814 0.014941 0.012203 0.000000 -0.015018 0.999868 0.006238 10.871300 -0.012108 -0.006420 0.999906 -0.951400 0.000000 0.000000 0.000000 1.000000
0.999799 0.014305 0.014021 0.000000 -0.014363 0.999889 0.004084 10.871300 -0.013961 -0.004285 0.999893 -0.951400 0.000000 0.000000 0.000000 1.000000
0.999788 0.013190 0.015791 0.000000 -0.013225 0.999910 0.002071 10.871300 -0.015763 -0.002279 0.999873 -0.951400 0.000000 0.000000 0.000000 1.000000
0.999771 0.012294 0.017500 0.000000 -0.012299 0.999924 0.000128 10.871300 -0.017498 -0.000343 0.999847 -0.951400 0.000000 0.000000 0.000000 1.000000
0.999746 0.011858 0.019145 0.000000 -0.011827 0.999929 -0.001728 10.871300 -0.019164 0.001501 0.999815 -0.951400 0.000000 0.000000 0.000000 1.000000
0.999726 0.010937 0.020694 0.000000 -0.010869 0.999935 -0.003400 10.871300 -0.020729 0.003174 0.999780 -0.951400 0.000000 0.000000 0.000000 1.000000
0.999702 0.010736 0.021903 0.000000 -0.010598 0.999923 -0.006405 10.871300 -0.021971 0.006171 0.999740 -0.951400 0.000000 0.000000 0.000000 1.000000
0.999687 0.010462 0.022705 -0.000000 -0.010274 0.999912 -0.008387 10.871300 -0.022790 0.008151 0.999707 -0.951400 0.000000 0.000000 0.000000 1.000000
0.999688 0.009633 0.023061 0.000000 -0.009408 0.999907 -0.009836 10.871300 -0.023154 0.009616 0.999686 -0.951400 0.000000 0.000000 0.000000 1.000000
0.999695 0.007622 0.023509 0.000000 -0.007367 0.999913 -0.010913 10.871300 -0.023590 0.010737 0.999664 -0.951400 0.000000 0.000000 0.000000 1.000000
0.999714 0.005124 0.023359 0.000000 -0.004817 0.999902 -0.013180 10.871300 -0.023424 0.013063 0.999640 -0.951400 0.000000 0.000000 0.000000 1.000000
0.999734 0.003103 0.022836 0.000000 -0.002742 0.999871 -0.015854 10.871300 -0.022883 0.015787 0.999613 -0.951400 0.000000 0.000000 0.000000 1.000000
0.999747 0.002259 0.022387 0.000000 -0.001857 0.999837 -0.017953 10.871300 -0.022424 0.017907 0.999588 -0.951400 0.000000 0.000000 0.000000 1.000000
0.999752 0.001222 0.022249 0.000000 -0.000782 0.999805 -0.019757 10.871300 -0.022269 0.019734 0.999557 -0.951400 0.000000 0.000000 0.000000 1.000000
0.999753 0.000876 0.022223 -0.000000 -0.000383 0.999754 -0.022180 10.871300 -0.022237 0.022166 0.999507 -0.951400 0.000000 0.000000 0.000000 1.000000
0.999752 0.000759 0.022239 0.000000 -0.000215 0.999702 -0.024420 10.871300 -0.022251 0.024409 0.999454 -0.951400 0.000000 0.000000 0.000000 1.000000
0.999751 0.000637 0.022285 0.000000 -0.000055 0.999660 -0.026090 10.871300 -0.022294 0.026082 0.999411 -0.951400 0.000000 0.000000 0.000000 1.000000
0.999750 0.000332 0.022352 0.000000 0.000280 0.999625 -0.027384 10.871300 -0.022353 0.027384 0.999375 -0.951400 0.000000 0.000000 0.000000 1.000000
