<?xml version="1.0" encoding="utf-8"?>
<COLLADA xmlns="http://www.collada.org/2005/11/COLLADASchema" version="1.4.1">
  <asset>
    <contributor>
      <author>Mixamo</author>
      <authoring_tool>COLLADA Mixamo exporter</authoring_tool>
      <comments/>
    </contributor>
    <created>2025-01-04T02:06:20Z</created>
    <modified>2025-01-04T02:06:20Z</modified>
    <revision/>
    <title/>
    <unit meter="0.010000"/>
    <up_axis>Y_UP</up_axis>
  </asset>
  <library_animations>
    <animation id="mixamorig_Hips-anim" name="mixamorig_Hips">
      <source id="mixamorig_Hips-Matrix-animation-input">
        <float_array id="mixamorig_Hips-Matrix-animation-input-array" count="25">

0.000000 0.033333 0.066667 0.100000 0.133333 0.166667 0.200000 0.233333 0.266667 0.300000 0.333333 0.366667 0.400000 0.433333 0.466667 0.500000
0.533333 0.566667 0.600000 0.633333 0.666667 0.700000 0.733333 0.766667 0.800000</float_array>
        <technique_common>
          <accessor source="#mixamorig_Hips-Matrix-animation-input-array" count="25">
            <param name="TIME" type="float"/>
          </accessor>
        </technique_common>
      </source>
      <source id="mixamorig_Hips-Matrix-animation-output-transform">
        <float_array id="mixamorig_Hips-Matrix-animation-output-transform-array" count="400">

0.988720 -0.093548 -0.116969 0.074145 0.088525 0.994944 -0.047440 90.004372 0.120815 0.036550 0.992002 0.114237 0.000000 0.000000 0.000000 1.000000
0.987343 -0.085288 -0.133716 0.307958 0.083337 0.996318 -0.020130 87.201813 0.134941 0.008732 0.990815 -0.402709 0.000000 0.000000 0.000000 1.000000
0.987144 -0.064788 -0.146111 0.323639 0.067074 0.997690 0.010767 85.909210 0.145076 -0.020429 0.989210 -0.218862 0.000000 0.000000 0.000000 1.000000
0.985848 -0.047032 -0.160910 0.096835 0.053313 0.997966 0.034939 86.678375 0.158940 -0.043023 0.986350 0.881397 0.000000 0.000000 0.000000 1.000000
0.984698 -0.037175 -0.170261 -0.352030 0.044443 0.998247 0.039075 89.137558 0.168510 -0.046044 0.984624 2.325145 0.000000 0.000000 0.000000 1.000000
0.983993 -0.035056 -0.174727 -0.710724 0.040135 0.998866 0.025622 91.875320 0.173631 -0.032225 0.984283 5.282300 0.000000 0.000000 0.000000 1.000000
0.981972 -0.032333 -0.186241 -1.014709 0.033173 0.999449 0.001394 94.243637 0.186093 -0.007547 0.982503 8.489018 0.000000 0.000000 0.000000 1.000000
0.976423 -0.027839 -0.214063 -1.057373 0.024279 0.999520 -0.019239 97.058434 0.214496 0.013588 0.976630 9.240824 0.000000 0.000000 0.000000 1.000000
0.967527 -0.021284 -0.251869 -0.744896 0.014658 0.999496 -0.028156 98.046745 0.252341 0.023550 0.967352 7.802455 0.000000 0.000000 0.000000 1.000000
0.965081 -0.010117 -0.261756 -0.323261 0.003041 0.999619 -0.027423 96.727402 0.261933 0.025669 0.964745 6.350139 0.000000 0.000000 0.000000 1.000000
0.970785 0.002504 -0.239937 -0.291951 -0.007964 0.999731 -0.021789 95.084442 0.239818 0.023064 0.970544 4.513151 0.000000 0.000000 0.000000 1.000000
0.978576 0.013864 -0.205416 -0.331099 -0.016965 0.999767 -0.013341 93.438736 0.205184 0.016540 0.978584 4.032985 0.000000 0.000000 0.000000 1.000000
0.985148 0.018252 -0.170733 -0.502675 -0.017637 0.999831 0.005115 91.720169 0.170798 -0.002027 0.985304 3.980250 0.000000 0.000000 0.000000 1.000000
0.989040 0.014035 -0.146982 -0.900575 -0.010102 0.999572 0.027471 90.262100 0.147305 -0.025685 0.988758 4.611520 0.000000 0.000000 0.000000 1.000000
0.989741 0.002112 -0.142859 -1.244053 0.004966 0.998778 0.049172 89.341461 0.142788 -0.049377 0.988521 5.745819 0.000000 0.000000 0.000000 1.000000
0.989752 -0.008943 -0.142517 -1.387490 0.018040 0.997871 0.062670 89.163910 0.141653 -0.064599 0.987806 7.301820 0.000000 0.000000 0.000000 1.000000
0.990912 -0.017367 -0.133388 -1.071724 0.024222 0.998458 0.049941 90.782898 0.132315 -0.052718 0.989805 7.143534 0.000000 0.000000 0.000000 1.000000
0.990994 -0.008447 -0.133642 -0.829858 0.011617 0.999669 0.022957 93.072830 0.133404 -0.024302 0.990764 7.520606 0.000000 0.000000 0.000000 1.000000
0.988895 -0.003439 -0.148576 -0.649729 0.001660 0.999925 -0.012099 94.338455 0.148607 0.011718 0.988827 8.176072 0.000000 0.000000 0.000000 1.000000
0.988987 -0.024775 -0.145913 -0.416677 0.018324 0.998801 -0.045393 95.836983 0.146863 0.042219 0.988255 6.648861 0.000000 0.000000 0.000000 1.000000
0.988891 -0.052948 -0.138896 -0.357475 0.044126 0.996854 -0.065839 95.517052 0.141945 0.058979 0.988116 4.692338 0.000000 0.000000 0.000000 1.000000
0.986993 -0.077781 -0.140697 -0.425136 0.068352 0.995156 -0.070658 94.214226 0.145512 0.060122 0.987528 3.854033 0.000000 0.000000 0.000000 1.000000
0.985319 -0.097068 -0.140440 -0.501360 0.088028 0.993710 -0.069223 93.204399 0.146276 0.055844 0.987666 3.466577 0.000000 0.000000 0.000000 1.000000
0.987441 -0.096402 -0.125169 -0.338514 0.089167 0.994073 -0.062187 91.450043 0.130422 0.050245 0.990185 1.949381 0.000000 0.000000 0.000000 1.000000
0.988720 -0.093548 -0.116969 0.074146 0.088525 0.994944 -0.047440 90.004364 0.120815 0.036550 0.992002 0.114236 0.000000 0.000000 0.000000 1.000000</float_array>
        <technique_common>
          <accessor source="#mixamorig_Hips-Matrix-animation-output-transform-array" count="25" stride="16">
            <param type="float4x4"/>
          </accessor>
        </technique_common>
      </source>
      <source id="mixamorig_Hips-Interpolations">
        <Name_array id="mixamorig_Hips-Interpolations-array" count="25">
 LINEAR LINEAR LINEAR LINEAR LINEAR LINEAR LINEAR LINEAR LINEAR LINEAR LINEAR
LINEAR LINEAR LINEAR LINEAR LINEAR LINEAR LINEAR LINEAR LINEAR LINEAR LINEAR LINEAR
LINEAR LINEAR</Name_array>
        <technique_common>
          <accessor source="#mixamorig_Hips-Interpolations-array" count="25">
            <param type="name"/>
          </accessor>
        </technique_common>
      </source>
      <sampler id="mixamorig_Hips-Matrix-animation-transform">
        <input semantic="INPUT" source="#mixamorig_Hips-Matrix-animation-input"/>
        <input semantic="OUTPUT" source="#mixamorig_Hips-Matrix-animation-output-transform"/>
        <input semantic="INTERPOLATION" source="#mixamorig_Hips-Interpolations"/>
      </sampler>
      <channel source="#mixamorig_Hips-Matrix-animation-transform" target="mixamorig_Hips/matrix"/>
    </animation>
    <animation id="mixamorig_Spine-anim" name="mixamorig_Spine">
      <source id="mixamorig_Spine-Matrix-animation-input">
        <float_array id="mixamorig_Spine-Matrix-animation-input-array" count="25">

0.000000 0.033333 0.066667 0.100000 0.133333 0.166667 0.200000 0.233333 0.266667 0.300000 0.333333 0.366667 0.400000 0.433333 0.466667 0.500000
0.533333 0.566667 0.600000 0.633333 0.666667 0.700000 0.733333 0.766667 0.800000</float_array>
        <technique_common>
          <accessor source="#mixamorig_Spine-Matrix-animation-input-array" count="25">
            <param name="TIME" type="float"/>
          </accessor>
        </technique_common>
      </source>
      <source id="mixamorig_Spine-Matrix-animation-output-transform">
        <float_array id="mixamorig_Spine-Matrix-animation-output-transform-array" count="400">

0.997958 0.056106 -0.030530 0.000000 -0.058588 0.994431 -0.087599 10.871300 0.025445 0.089209 0.995688 -0.951400 0.000000 0.000000 0.000000 1.000000
0.997097 0.053196 -0.054468 -0.000000 -0.061428 0.984755 -0.162741 10.871300 0.044980 0.165615 0.985164 -0.951400 0.000000 0.000000 0.000000 1.000000
0.996708 0.041825 -0.069447 0.000000 -0.055836 0.975230 -0.214029 10.871300 0.058775 0.217202 0.974356 -0.951400 0.000000 0.000000 0.000000 1.000000
0.996632 0.032938 -0.075102 -0.000000 -0.049547 0.971599 -0.231386 10.871300 0.065347 0.234328 0.969959 -0.951400 0.000000 0.000000 0.000000 1.000000
0.995707 0.031217 -0.087134 0.000000 -0.049978 0.973701 -0.222279 10.871300 0.077904 0.225680 0.971082 -0.951400 0.000000 0.000000 0.000000 1.000000
0.995162 0.014532 -0.097162 -0.000000 -0.024667 0.994278 -0.103937 10.871300 0.095096 0.105830 0.989827 -0.951400 0.000000 0.000000 0.000000 1.000000
0.995731 -0.007509 -0.091999 0.000000 0.012015 0.998749 0.048531 10.871300 0.091519 -0.049429 0.994576 -0.951400 0.000000 0.000000 0.000000 1.000000
0.996820 -0.018249 -0.077568 0.000000 0.024854 0.996066 0.085058 10.871300 0.075710 -0.086715 0.993352 -0.951400 0.000000 0.000000 0.000000 1.000000
0.997812 -0.018081 -0.063601 -0.000000 0.020483 0.999093 0.037318 10.871300 0.062869 -0.038539 0.997277 -0.951400 0.000000 0.000000 0.000000 1.000000
0.997943 -0.015906 -0.062099 0.000000 0.015008 0.999776 -0.014898 10.871300 0.062322 0.013936 0.997959 -0.951400 0.000000 0.000000 0.000000 1.000000
0.998230 -0.006890 -0.059079 0.000000 0.003119 0.997965 -0.063685 10.871300 0.059397 0.063388 0.996220 -0.951400 0.000000 0.000000 0.000000 1.000000
0.998807 -0.010840 -0.047617 0.000000 0.007363 0.997335 -0.072589 10.871300 0.048277 0.072152 0.996225 -0.951400 0.000000 0.000000 0.000000 1.000000
0.999600 -0.012562 -0.025340 -0.000000 0.010709 0.997348 -0.071984 10.871300 0.026177 0.071683 0.997084 -0.951400 0.000000 0.000000 0.000000 1.000000
0.999992 0.003701 -0.001185 0.000000 -0.003771 0.997825 -0.065809 10.871300 0.000939 0.065813 0.997832 -0.951400 0.000000 0.000000 0.000000 1.000000
0.999428 0.023267 0.024556 0.000000 -0.022138 0.998729 -0.045285 10.871300 -0.025578 0.044715 0.998672 -0.951400 0.000000 0.000000 0.000000 1.000000
0.998384 0.033968 0.045559 -0.000000 -0.033287 0.999324 -0.015619 10.871300 -0.046059 0.014078 0.998840 -0.951400 0.000000 0.000000 0.000000 1.000000
0.997967 0.026744 0.057845 0.000000 -0.025764 0.999513 -0.017620 10.871300 -0.058288 0.016094 0.998170 -0.951400 0.000000 0.000000 0.000000 1.000000
0.997268 0.008224 0.073409 -0.000000 -0.009190 0.999875 0.012830 10.871300 -0.073294 -0.013470 0.997219 -0.951400 0.000000 0.000000 0.000000 1.000000
0.996027 -0.012669 0.088148 0.000000 0.006970 0.997883 0.064665 10.871300 -0.088781 -0.063793 0.994006 -0.951400 0.000000 0.000000 0.000000 1.000000
0.996393 -0.001399 0.084844 0.000000 -0.001838 0.999274 0.038061 10.871300 -0.084836 -0.038080 0.995667 -0.951400 0.000000 0.000000 0.000000 1.000000
0.996966 0.021620 0.074771 0.000000 -0.021889 0.999757 0.002770 10.871300 -0.074693 -0.004398 0.997197 -0.951400 0.000000 0.000000 0.000000 1.000000
0.997080 0.039671 0.065252 0.000000 -0.040660 0.999076 0.013901 10.871300 -0.064640 -0.016513 0.997772 -0.951400 0.000000 0.000000 0.000000 1.000000
0.997402 0.054015 0.047659 0.000000 -0.055796 0.997761 0.036876 10.871300 -0.045560 -0.039439 0.998183 -0.951400 0.000000 0.000000 0.000000 1.000000
0.998360 0.056939 0.005905 0.000000 -0.056909 0.998366 -0.005126 10.871300 -0.006188 0.004781 0.999969 -0.951400 0.000000 0.000000 0.000000 1.000000
0.997958 0.056106 -0.030530 -0.000000 -0.058588 0.994431 -0.087599 10.871300 0.025445 0.089209 0.995688 -0.951400 0.000000 0.000000 0.000000 1.000000</float_array>
        <technique_common>
          <accessor source="#mixamorig_Spine-Matrix-animation-output-transform-array" count="25" stride="16">
            <param type="float4x4"/>
          </accessor>
        </technique_common>
      </source>
      <source id="mixamorig_Spine-Interpolations">
        <Name_array id="mixamorig_Spine-Interpolations-array" count="25">
 LINEAR LINEAR LINEAR LINEAR LINEAR LINEAR LINEAR LINEAR LINEAR LINEAR LINEAR
LINEAR LINEAR LINEAR LINEAR LINEAR LINEAR LINEAR LINEAR LINEAR LINEAR LINEAR LINEAR
LINEAR LINEAR</Name_array>
        <technique_common>
          <accessor source="#mixamorig_Spine-Interpolations-array" count="25">
            <param type="name"/>
          </accessor>
        </technique_common>
      </source>
      <sampler id="mixamorig_Spine-Matrix-animation-transform">
        <input semantic="INPUT" source="#mixamorig_Spine-Matrix-animation-input"/>
        <input semantic="OUTPUT" source="#mixamorig_Spine-Matrix-animation-output-transform"/>
        <input semantic="INTERPOLATION" source="#mixamorig_Spine-Interpolations"/>
      </sampler>
      <channel source="#mixamorig_Spine-Matrix-animation-transform" target="mixamorig_Spine/matrix"/>
    </animation>
    <animation id="mixamorig_Spine1-anim" name="mixamorig_Spine1">
      <source id="mixamorig_Spine1-Matrix-animation-input">
        <float_array id="mixamorig_Spine1-Matrix-animation-input-array" count="25">

0.000000 0.033333 0.066667 0.100000 0.133333 0.166667 0.200000 0.233333 0.266667 0.300000 0.333333 0.366667 0.400000 0.433333 0.466667 0.500000
0.533333 0.566667 0.600000 0.633333 0.666667 0.700000 0.733333 0.766667 0.800000</float_array>
        <technique_common>
          <accessor source="#mixamorig_Spine1-Matrix-animation-input-array" count="25">
            <param name="TIME" type="float"/>
          </accessor>
        </technique_common>
      </source>
      <source id="mixamorig_Spine1-Matrix-animation-output-transform">
        <float_array id="mixamorig_Spine1-Matrix-animation-output-transform-array" count="400">

0.997389 0.007262 0.071854 0.000000 -0.006324 0.999892 -0.013272 12.731600 -0.071943 0.012782 0.997327 0.000000 0.000000 0.000000 0.000000 1.000000
0.998076 -0.000558 0.062007 -0.000000 0.000210 0.999984 0.005625 12.731600 -0.062009 -0.005601 0.998060 0.000000 0.000000 0.000000 0.000000 1.000000
0.998456 -0.011316 0.054384 0.000000 0.009881 0.999598 0.026570 12.731600 -0.054663 -0.025991 0.998167 0.000000 0.000000 0.000000 0.000000 1.000000
0.998529 -0.018516 0.050956 0.000000 0.016306 0.998923 0.043437 12.731600 -0.051706 -0.042542 0.997756 0.000000 0.000000 0.000000 0.000000 1.000000
0.998757 -0.017657 0.046612 0.000000 0.014980 0.998252 0.057168 12.731600 -0.047540 -0.056399 0.997276 0.000000 0.000000 0.000000 0.000000 1.000000
0.999114 -0.000133 0.042077 -0.000000 -0.000946 0.999671 0.025622 12.731600 -0.042067 -0.025639 0.998786 0.000000 0.000000 0.000000 0.000000 1.000000
0.998940 0.017208 0.042705 0.000000 -0.016116 0.999538 -0.025785 12.731600 -0.043129 0.025069 0.998755 0.000000 0.000000 0.000000 0.000000 1.000000
0.998673 0.016946 0.048624 0.000000 -0.015183 0.999222 -0.036406 12.731600 -0.049203 0.035619 0.998153 0.000000 0.000000 0.000000 0.000000 1.000000
0.998479 0.007300 0.054651 0.000000 -0.006161 0.999761 -0.020976 12.731600 -0.054791 0.020607 0.998285 0.000000 0.000000 0.000000 0.000000 1.000000
0.998498 -0.003819 0.054661 0.000000 0.004094 0.999980 -0.004920 12.731600 -0.054642 0.005136 0.998493 0.000000 0.000000 0.000000 0.000000 1.000000
0.998367 -0.014825 0.055164 0.000000 0.014254 0.999841 0.010726 12.731600 -0.055314 -0.009922 0.998420 0.000000 0.000000 0.000000 0.000000 1.000000
0.998115 -0.014835 0.059556 -0.000000 0.014485 0.999875 0.006290 12.731600 -0.059642 -0.005415 0.998205 0.000000 0.000000 0.000000 0.000000 1.000000
0.997527 -0.009357 0.069664 0.000000 0.010033 0.999906 -0.009356 12.731600 -0.069570 0.010032 0.997527 0.000000 0.000000 0.000000 0.000000 1.000000
0.996645 -0.006093 0.081619 -0.000000 0.008436 0.999561 -0.028390 12.731600 -0.081410 0.028983 0.996259 0.000000 0.000000 0.000000 0.000000 1.000000
0.995561 -0.000696 0.094117 0.000000 0.005109 0.998898 -0.046650 12.731600 -0.093981 0.046924 0.994468 0.000000 0.000000 0.000000 0.000000 1.000000
0.994599 0.005298 0.103658 0.000000 0.000716 0.998323 -0.057891 12.731600 -0.103791 0.057652 0.992927 0.000000 0.000000 0.000000 0.000000 1.000000
0.994016 0.010226 0.108753 0.000000 -0.006010 0.999220 -0.039017 12.731600 -0.109067 0.038130 0.993303 0.000000 0.000000 0.000000 0.000000 1.000000
0.993399 0.003293 0.114667 -0.000000 0.000516 0.999450 -0.033167 12.731600 -0.114713 0.033007 0.992850 0.000000 0.000000 0.000000 0.000000 1.000000
0.992762 -0.002377 0.120072 0.000000 0.007706 0.999004 -0.043940 12.731600 -0.119848 0.044547 0.991792 0.000000 0.000000 0.000000 0.000000 1.000000
0.992811 0.002200 0.119673 0.000000 0.001262 0.999583 -0.028844 12.731600 -0.119686 0.028787 0.992394 -0.000000 0.000000 0.000000 0.000000 1.000000
0.993161 0.008479 0.116442 0.000000 -0.006723 0.999858 -0.015466 12.731600 -0.116557 0.014578 0.993077 0.000000 0.000000 0.000000 0.000000 1.000000
0.993540 0.012684 0.112770 -0.000000 -0.009785 0.999608 -0.026225 12.731600 -0.113059 0.024952 0.993275 0.000000 0.000000 0.000000 0.000000 1.000000
0.994382 0.015056 0.104771 0.000000 -0.010616 0.999027 -0.042813 12.731600 -0.105313 0.041460 0.993574 -0.000000 0.000000 0.000000 0.000000 1.000000
0.996147 0.013306 0.086681 0.000000 -0.010463 0.999395 -0.033168 12.731600 -0.087070 0.032134 0.995684 0.000000 0.000000 0.000000 0.000000 1.000000
0.997389 0.007262 0.071854 -0.000000 -0.006324 0.999892 -0.013272 12.731600 -0.071943 0.012782 0.997327 0.000000 0.000000 0.000000 0.000000 1.000000</float_array>
        <technique_common>
          <accessor source="#mixamorig_Spine1-Matrix-animation-output-transform-array" count="25" stride="16">
            <param type="float4x4"/>
          </accessor>
        </technique_common>
      </source>
      <source id="mixamorig_Spine1-Interpolations">
        <Name_array id="mixamorig_Spine1-Interpolations-array" count="25">
 LINEAR LINEAR LINEAR LINEAR LINEAR LINEAR LINEAR LINEAR LINEAR LINEAR LINEAR
LINEAR LINEAR LINEAR LINEAR LINEAR LINEAR LINEAR LINEAR LINEAR LINEAR LINEAR LINEAR
LINEAR LINEAR</Name_array>
        <technique_common>
          <accessor source="#mixamorig_Spine1-Interpolations-array" count="25">
            <param type="name"/>
          </accessor>
        </technique_common>
      </source>
      <sampler id="mixamorig_Spine1-Matrix-animation-transform">
        <input semantic="INPUT" source="#mixamorig_Spine1-Matrix-animation-input"/>
        <input semantic="OUTPUT" source="#mixamorig_Spine1-Matrix-animation-output-transform"/>
        <input semantic="INTERPOLATION" source="#mixamorig_Spine1-Interpolations"/>
      </sampler>
      <channel source="#mixamorig_Spine1-Matrix-animation-transform" target="mixamorig_Spine1/matrix"/>
    </animation>
    <animation id="mixamorig_Spine2-anim" name="mixamorig_Spine2">
      <source id="mixamorig_Spine2-Matrix-animation-input">
        <float_array id="mixamorig_Spine2-Matrix-animation-input-array" count="25">

0.000000 0.033333 0.066667 0.100000 0.133333 0.166667 0.200000 0.233333 0.266667 0.300000 0.333333 0.366667 0.400000 0.433333 0.466667 0.500000
0.533333 0.566667 0.600000 0.633333 0.666667 0.700000 0.733333 0.766667 0.800000</float_array>
        <technique_common>
          <accessor source="#mixamorig_Spine2-Matrix-animation-input-array" count="25">
            <param name="TIME" type="float"/>
          </accessor>
        </technique_common>
      </source>
      <source id="mixamorig_Spine2-Matrix-animation-output-transform">
        <float_array id="mixamorig_Spine2-Matrix-animation-output-transform-array" count="400">

0.999944 -0.002344 -0.010322 0.000000 0.002260 0.999964 -0.008141 14.550400 0.010340 0.008118 0.999914 0.000000 0.000000 0.000000 0.000000 1.000000
0.999753 -0.008883 -0.020382 -0.000000 0.009095 0.999905 0.010347 14.550400 0.020288 -0.010530 0.999739 0.000000 0.000000 0.000000 0.000000 1.000000
0.999431 -0.018941 -0.027922 0.000000 0.019794 0.999336 0.030596 14.550400 0.027324 -0.031131 0.999142 0.000000 0.000000 0.000000 0.000000 1.000000
0.999131 -0.026001 -0.032566 0.000000 0.027514 0.998520 0.046919 14.550400 0.031298 -0.047774 0.998368 0.000000 0.000000 0.000000 0.000000 1.000000
0.998997 -0.024933 -0.037204 0.000000 0.027160 0.997792 0.060612 14.550400 0.035611 -0.061562 0.997468 -0.000000 0.000000 0.000000 0.000000 1.000000
0.999137 -0.008554 -0.040641 0.000000 0.009775 0.999504 0.029943 14.550400 0.040365 -0.030314 0.998725 0.000000 0.000000 0.000000 0.000000 1.000000
0.999188 0.007304 -0.039629 0.000000 -0.008410 0.999578 -0.027810 14.550400 0.039409 0.028120 0.998827 -0.000000 0.000000 0.000000 0.000000 1.000000
0.999408 0.006820 -0.033710 -0.000000 -0.008061 0.999290 -0.036811 14.550400 0.033435 0.037061 0.998754 0.000000 0.000000 0.000000 0.000000 1.000000
0.999609 -0.002463 -0.027861 0.000000 0.001986 0.999851 -0.017135 14.550400 0.027899 0.017073 0.999465 0.000000 0.000000 0.000000 0.000000 1.000000
0.999523 -0.013458 -0.027784 0.000000 0.013431 0.999909 -0.001154 14.550400 0.027797 0.000780 0.999613 0.000000 0.000000 0.000000 0.000000 1.000000
0.999346 -0.023985 -0.027063 -0.000000 0.024369 0.999606 0.013951 14.550400 0.026718 -0.014601 0.999536 -0.000000 0.000000 0.000000 0.000000 1.000000
0.999415 -0.025958 -0.022271 0.000000 0.026231 0.999583 0.012033 14.550400 0.021949 -0.012610 0.999680 -0.000000 0.000000 0.000000 0.000000 1.000000
0.999678 -0.022437 -0.011871 0.000000 0.022386 0.999740 -0.004420 14.550400 0.011967 0.004153 0.999920 0.000000 0.000000 0.000000 0.000000 1.000000
0.999844 -0.017658 -0.000253 0.000000 0.017646 0.999545 -0.024470 14.550400 0.000685 0.024462 0.999701 0.000000 0.000000 0.000000 0.000000 1.000000
0.999852 -0.012124 0.012220 -0.000000 0.012631 0.999025 -0.042308 14.550400 -0.011696 0.042456 0.999030 0.000000 0.000000 0.000000 0.000000 1.000000
0.999756 -0.004837 0.021544 0.000000 0.005978 0.998565 -0.053223 14.550400 -0.021255 0.053338 0.998350 -0.000000 0.000000 0.000000 0.000000 1.000000
0.999641 0.000113 0.026784 0.000000 0.000808 0.999409 -0.034362 14.550400 -0.026772 0.034372 0.999050 0.000000 0.000000 0.000000 0.000000 1.000000
0.999405 -0.008592 0.033392 0.000000 0.009559 0.999537 -0.028891 14.550400 -0.033128 0.029193 0.999025 -0.000000 0.000000 0.000000 0.000000 1.000000
0.999134 -0.016153 0.038350 0.000000 0.017677 0.999054 -0.039735 14.550400 -0.037672 0.040378 0.998474 0.000000 0.000000 0.000000 0.000000 1.000000
0.999236 -0.009748 0.037843 0.000000 0.010682 0.999641 -0.024562 14.550400 -0.037590 0.024948 0.998982 -0.000000 0.000000 0.000000 0.000000 1.000000
0.999388 -0.002172 0.034913 0.000000 0.002551 0.999938 -0.010822 14.550400 -0.034888 0.010904 0.999332 0.000000 0.000000 0.000000 0.000000 1.000000
0.999514 0.000645 0.031171 0.000000 0.000010 0.999779 -0.021006 14.550400 -0.031177 0.020996 0.999293 -0.000000 0.000000 0.000000 0.000000 1.000000
0.999721 0.001429 0.023572 -0.000000 -0.000551 0.999307 -0.037216 14.550400 -0.023608 0.037193 0.999029 0.000000 0.000000 0.000000 0.000000 1.000000
0.999986 0.000470 0.005285 0.000000 -0.000323 0.999615 -0.027746 14.550400 -0.005296 0.027744 0.999601 -0.000000 0.000000 0.000000 0.000000 1.000000
0.999944 -0.002344 -0.010322 -0.000000 0.002260 0.999964 -0.008141 14.550400 0.010340 0.008118 0.999914 -0.000000 0.000000 0.000000 0.000000 1.000000</float_array>
        <technique_common>
          <accessor source="#mixamorig_Spine2-Matrix-animation-output-transform-array" count="25" stride="16">
            <param type="float4x4"/>
          </accessor>
        </technique_common>
      </source>
      <source id="mixamorig_Spine2-Interpolations">
        <Name_array id="mixamorig_Spine2-Interpolations-array" count="25">
 LINEAR LINEAR LINEAR LINEAR LINEAR LINEAR LINEAR LINEAR LINEAR LINEAR LINEAR
LINEAR LINEAR LINEAR LINEAR LINEAR LINEAR LINEAR LINEAR LINEAR LINEAR LINEAR LINEAR
LINEAR LINEAR</Name_array>
        <technique_common>
          <accessor source="#mixamorig_Spine2-Interpolations-array" count="25">
            <param type="name"/>
          </accessor>
        </technique_common>
      </source>
      <sampler id="mixamorig_Spine2-Matrix-animation-transform">
        <input semantic="INPUT" source="#mixamorig_Spine2-Matrix-animation-input"/>
        <input semantic="OUTPUT" source="#mixamorig_Spine2-Matrix-animation-output-transform"/>
        <input semantic="INTERPOLATION" source="#mixamorig_Spine2-Interpolations"/>
      </sampler>
      <channel source="#mixamorig_Spine2-Matrix-animation-transform" target="mixamorig_Spine2/matrix"/>
    </animation>
    <animation id="mixamorig_Neck-anim" name="mixamorig_Neck">
      <source id="mixamorig_Neck-Matrix-animation-input">
        <float_array id="mixamorig_Neck-Matrix-animation-input-array" count="25">

0.000000 0.033333 0.066667 0.100000 0.133333 0.166667 0.200000 0.233333 0.266667 0.300000 0.333333 0.366667 0.400000 0.433333 0.466667 0.500000
0.533333 0.566667 0.600000 0.633333 0.666667 0.700000 0.733333 0.766667 0.800000</float_array>
        <technique_common>
          <accessor source="#mixamorig_Neck-Matrix-animation-input-array" count="25">
            <param name="TIME" type="float"/>
          </accessor>
        </technique_common>
      </source>
      <source id="mixamorig_Neck-Matrix-animation-output-transform">
        <float_array id="mixamorig_Neck-Matrix-animation-output-transform-array" count="400">

0.999830 0.000991 0.018388 0.000000 0.000034 0.998450 -0.055660 16.369200 -0.018415 0.055652 0.998280 -0.000000 0.000000 0.000000 0.000000 1.000000
0.999711 0.000714 0.024025 0.000000 0.000659 0.998367 -0.057125 16.369200 -0.024027 0.057125 0.998078 0.000000 0.000000 0.000000 0.000000 1.000000
0.999525 0.003479 0.030614 0.000000 -0.001525 0.997972 -0.063637 16.369200 -0.030773 0.063560 0.997503 0.000000 0.000000 0.000000 0.000000 1.000000
0.999306 0.007478 0.036505 -0.000000 -0.004965 0.997643 -0.068443 16.369200 -0.036930 0.068214 0.996987 0.000000 0.000000 0.000000 0.000000 1.000000
0.999149 0.007669 0.040515 0.000000 -0.004741 0.997401 -0.071887 16.369200 -0.040961 0.071634 0.996590 -0.000000 0.000000 0.000000 0.000000 1.000000
0.999024 0.007615 0.043501 0.000000 -0.004450 0.997365 -0.072404 16.369200 -0.043938 0.072140 0.996426 0.000000 0.000000 0.000000 0.000000 1.000000
0.998960 0.008788 0.044749 0.000000 -0.005725 0.997660 -0.068130 16.369200 -0.045243 0.067803 0.996672 0.000000 0.000000 0.000000 0.000000 1.000000
0.998919 0.011145 0.045131 0.000000 -0.008265 0.997948 -0.063500 16.369200 -0.045746 0.063059 0.996961 0.000000 0.000000 0.000000 0.000000 1.000000
0.998932 0.011368 0.044777 0.000000 -0.008532 0.997975 -0.063032 16.369200 -0.045402 0.062583 0.997007 -0.000000 0.000000 0.000000 0.000000 1.000000
0.999096 0.008606 0.041623 0.000000 -0.005856 0.997819 -0.065743 16.369200 -0.042098 0.065440 0.996968 -0.000000 0.000000 0.000000 0.000000 1.000000
0.999387 0.003446 0.034826 0.000000 -0.001018 0.997582 -0.069485 16.369200 -0.034981 0.069407 0.996975 0.000000 0.000000 0.000000 0.000000 1.000000
0.999659 -0.001090 0.026096 0.000000 0.002967 0.997401 -0.071983 16.369200 -0.025950 0.072036 0.997064 -0.000000 0.000000 0.000000 0.000000 1.000000
0.999859 -0.003649 0.016405 0.000000 0.004825 0.997380 -0.072180 16.369200 -0.016099 0.072249 0.997257 0.000000 0.000000 0.000000 0.000000 1.000000
0.999962 -0.005456 0.006731 0.000000 0.005909 0.997577 -0.069315 16.369200 -0.006337 0.069352 0.997572 0.000000 0.000000 0.000000 0.000000 1.000000
0.999974 -0.007188 -0.000961 -0.000000 0.007103 0.997494 -0.070400 16.369200 0.001465 0.070391 0.997518 0.000000 0.000000 0.000000 0.000000 1.000000
0.999951 -0.008346 -0.005236 -0.000000 0.007944 0.997334 -0.072534 16.369200 0.005828 0.072489 0.997352 0.000000 0.000000 0.000000 0.000000 1.000000
0.999944 -0.007999 -0.006950 0.000000 0.007457 0.997166 -0.074863 16.369200 0.007529 0.074807 0.997170 -0.000000 0.000000 0.000000 0.000000 1.000000
0.999956 -0.005696 -0.007408 -0.000000 0.005134 0.997259 -0.073809 16.369200 0.007808 0.073767 0.997245 0.000000 0.000000 0.000000 0.000000 1.000000
0.999954 -0.002769 -0.009199 0.000000 0.002107 0.997459 -0.071206 16.369200 0.009373 0.071183 0.997419 -0.000000 0.000000 0.000000 0.000000 1.000000
0.999784 -0.002675 -0.020628 0.000000 0.001277 0.997717 -0.067523 16.369200 0.020762 0.067483 0.997504 -0.000000 0.000000 0.000000 0.000000 1.000000
0.999213 -0.004952 -0.039365 -0.000000 0.002453 0.997992 -0.063292 16.369200 0.039600 0.063146 0.997218 0.000000 0.000000 0.000000 0.000000 1.000000
0.998934 -0.006043 -0.045755 -0.000000 0.003309 0.998216 -0.059609 16.369200 0.046034 0.059394 0.997173 0.000000 0.000000 0.000000 0.000000 1.000000
0.999517 -0.004355 -0.030785 -0.000000 0.002595 0.998372 -0.056980 16.369200 0.030983 0.056872 0.997901 0.000000 0.000000 0.000000 0.000000 1.000000
0.999982 -0.001489 -0.005768 -0.000000 0.001166 0.998452 -0.055614 16.369200 0.005842 0.055607 0.998436 0.000000 0.000000 0.000000 0.000000 1.000000
0.999830 0.000991 0.018388 0.000000 0.000034 0.998450 -0.055661 16.369200 -0.018415 0.055652 0.998280 -0.000000 0.000000 0.000000 0.000000 1.000000</float_array>
        <technique_common>
          <accessor source="#mixamorig_Neck-Matrix-animation-output-transform-array" count="25" stride="16">
            <param type="float4x4"/>
          </accessor>
        </technique_common>
      </source>
      <source id="mixamorig_Neck-Interpolations">
        <Name_array id="mixamorig_Neck-Interpolations-array" count="25">
 LINEAR LINEAR LINEAR LINEAR LINEAR LINEAR LINEAR LINEAR LINEAR LINEAR LINEAR
LINEAR LINEAR LINEAR LINEAR LINEAR LINEAR LINEAR LINEAR LINEAR LINEAR LINEAR LINEAR
LINEAR LINEAR</Name_array>
        <technique_common>
          <accessor source="#mixamorig_Neck-Interpolations-array" count="25">
            <param type="name"/>
          </accessor>
        </technique_common>
      </source>
      <sampler id="mixamorig_Neck-Matrix-animation-transform">
        <input semantic="INPUT" source="#mixamorig_Neck-Matrix-animation-input"/>
        <input semantic="OUTPUT" source="#mixamorig_Neck-Matrix-animation-output-transform"/>
        <input semantic="INTERPOLATION" source="#mixamorig_Neck-Interpolations"/>
      </sampler>
      <channel source="#mixamorig_Neck-Matrix-animation-transform" target="mixamorig_Neck/matrix"/>
    </animation>
    <animation id="mixamorig_Head-anim" name="mixamorig_Head">
      <source id="mixamorig_Head-Matrix-animation-input">
        <float_array id="mixamorig_Head-Matrix-animation-input-array" count="25">

0.000000 0.033333 0.066667 0.100000 0.133333 0.166667 0.200000 0.233333 0.266667 0.300000 0.333333 0.366667 0.400000 0.433333 0.466667 0.500000
0.533333 0.566667 0.600000 0.633333 0.666667 0.700000 0.733333 0.766667 0.800000</float_array>
        <technique_common>
          <accessor source="#mixamorig_Head-Matrix-animation-input-array" count="25">
            <param name="TIME" type="float"/>
          </accessor>
        </technique_common>
      </source>
      <source id="mixamorig_Head-Matrix-animation-output-transform">
        <float_array id="mixamorig_Head-Matrix-animation-output-transform-array" count="400">

0.998628 0.005345 0.052083 -0.000000 -0.022130 0.944636 0.327373 6.116700 -0.047450 -0.328077 0.943459 2.423300 0.000000 0.000000 0.000000 1.000000
0.995395 0.000620 0.095860 -0.000000 -0.033793 0.938053 0.344840 6.116700 -0.089708 -0.346491 0.933754 2.423300 0.000000 0.000000 0.000000 1.000000
0.989973 -0.002523 0.141235 0.000000 -0.044794 0.942630 0.330821 6.116700 -0.133968 -0.333830 0.933065 2.423300 0.000000 0.000000 0.000000 1.000000
0.984527 -0.006165 0.175127 0.000000 -0.049064 0.949711 0.309260 6.116700 -0.168227 -0.313067 0.934713 2.423300 0.000000 0.000000 0.000000 1.000000
0.980692 -0.021732 0.194345 0.000000 -0.035751 0.957134 0.287432 6.116700 -0.192261 -0.288830 0.937877 2.423300 0.000000 0.000000 0.000000 1.000000
0.978347 -0.041977 0.202671 0.000000 -0.014201 0.963295 0.268068 6.116700 -0.206484 -0.265141 0.941841 2.423300 0.000000 0.000000 0.000000 1.000000
0.978264 -0.049149 0.201456 -0.000000 -0.002463 0.968683 0.248289 6.116700 -0.207351 -0.243388 0.947506 2.423300 0.000000 0.000000 0.000000 1.000000
0.977590 -0.045584 0.205523 0.000000 -0.006227 0.969586 0.244672 6.116700 -0.210425 -0.240468 0.947574 2.423300 0.000000 0.000000 0.000000 1.000000
0.974197 -0.039232 0.222265 -0.000000 -0.016971 0.969257 0.245467 6.116700 -0.225062 -0.242905 0.943581 2.423300 0.000000 0.000000 0.000000 1.000000
0.973017 -0.035509 0.227984 0.000000 -0.022671 0.968592 0.247619 6.116700 -0.229616 -0.246107 0.941652 2.423300 0.000000 0.000000 0.000000 1.000000
0.978144 -0.039103 0.204218 0.000000 -0.014594 0.966824 0.255026 6.116700 -0.207415 -0.252432 0.945123 2.423300 0.000000 0.000000 0.000000 1.000000
0.986263 -0.043542 0.159338 0.000000 -0.001875 0.961618 0.274385 6.116700 -0.165170 -0.270915 0.948327 2.423300 0.000000 0.000000 0.000000 1.000000
0.994442 -0.035650 0.099071 0.000000 0.004385 0.954140 0.299327 6.116700 -0.105199 -0.297229 0.948993 2.423300 0.000000 0.000000 0.000000 1.000000
0.999164 -0.025224 0.032158 -0.000000 0.013808 0.948905 0.315261 6.116700 -0.038467 -0.314553 0.948460 2.423300 0.000000 0.000000 0.000000 1.000000
0.999439 -0.021063 -0.026045 -0.000000 0.028182 0.949013 0.313973 6.116700 0.018104 -0.314531 0.949074 2.423300 0.000000 0.000000 0.000000 1.000000
0.997860 -0.024578 -0.060599 -0.000000 0.041267 0.955533 0.291981 6.116700 0.050728 -0.293857 0.954502 2.423300 0.000000 0.000000 0.000000 1.000000
0.996288 -0.025759 -0.082141 -0.000000 0.046860 0.962702 0.266473 6.116700 0.072213 -0.269333 0.960336 2.423300 0.000000 0.000000 0.000000 1.000000
0.995415 -0.021436 -0.093213 0.000000 0.044252 0.967196 0.250145 6.116700 0.084793 -0.253123 0.963711 2.423300 0.000000 0.000000 0.000000 1.000000
0.995358 -0.015091 -0.095055 0.000000 0.037003 0.971726 0.233193 6.116700 0.088848 -0.235628 0.967773 2.423300 0.000000 0.000000 0.000000 1.000000
0.996282 -0.008797 -0.085701 -0.000000 0.029218 0.970316 0.240068 6.116700 0.081046 -0.241680 0.966966 2.423300 0.000000 0.000000 0.000000 1.000000
0.997963 -0.003040 -0.063721 -0.000000 0.019312 0.966390 0.256354 6.116700 0.060800 -0.257062 0.964480 2.423300 0.000000 0.000000 0.000000 1.000000
0.999328 0.001743 -0.036608 0.000000 0.008392 0.961446 0.274865 6.116700 0.035675 -0.274988 0.960786 2.423300 0.000000 0.000000 0.000000 1.000000
0.999967 0.004992 -0.006473 0.000000 -0.002869 0.955802 0.293999 6.116700 0.007655 -0.293970 0.955784 2.423300 0.000000 0.000000 0.000000 1.000000
0.999693 0.006310 0.023946 -0.000000 -0.013470 0.949987 0.311998 6.116700 -0.020780 -0.312225 0.949781 2.423300 0.000000 0.000000 0.000000 1.000000
0.998628 0.005345 0.052083 -0.000000 -0.022130 0.944636 0.327373 6.116700 -0.047450 -0.328077 0.943459 2.423300 0.000000 0.000000 0.000000 1.000000</float_array>
        <technique_common>
          <accessor source="#mixamorig_Head-Matrix-animation-output-transform-array" count="25" stride="16">
            <param type="float4x4"/>
          </accessor>
        </technique_common>
      </source>
      <source id="mixamorig_Head-Interpolations">
        <Name_array id="mixamorig_Head-Interpolations-array" count="25">
 LINEAR LINEAR LINEAR LINEAR LINEAR LINEAR LINEAR LINEAR LINEAR LINEAR LINEAR
LINEAR LINEAR LINEAR LINEAR LINEAR LINEAR LINEAR LINEAR LINEAR LINEAR LINEAR LINEAR
LINEAR LINEAR</Name_array>
        <technique_common>
          <accessor source="#mixamorig_Head-Interpolations-array" count="25">
            <param type="name"/>
          </accessor>
        </technique_common>
      </source>
      <sampler id="mixamorig_Head-Matrix-animation-transform">
        <input semantic="INPUT" source="#mixamorig_Head-Matrix-animation-input"/>
        <input semantic="OUTPUT" source="#mixamorig_Head-Matrix-animation-output-transform"/>
        <input semantic="INTERPOLATION" source="#mixamorig_Head-Interpolations"/>
      </sampler>
      <channel source="#mixamorig_Head-Matrix-animation-transform" target="mixamorig_Head/matrix"/>
    </animation>
    <animation id="mixamorig_LeftShoulder-anim" name="mixamorig_LeftShoulder">
      <source id="mixamorig_LeftShoulder-Matrix-animation-input">
        <float_array id="mixamorig_LeftShoulder-Matrix-animation-input-array" count="25">

0.000000 0.033333 0.066667 0.100000 0.133333 0.166667 0.200000 0.233333 0.266667 0.300000 0.333333 0.366667 0.400000 0.433333 0.466667 0.500000
0.533333 0.566667 0.600000 0.633333 0.666667 0.700000 0.733333 0.766667 0.800000</float_array>
        <technique_common>
          <accessor source="#mixamorig_LeftShoulder-Matrix-animation-input-array" count="25">
            <param name="TIME" type="float"/>
          </accessor>
        </technique_common>
      </source>
      <source id="mixamorig_LeftShoulder-Matrix-animation-output-transform">
        <float_array id="mixamorig_LeftShoulder-Matrix-animation-output-transform-array" count="400">

-0.064762 0.915141 -0.397898 7.670600 0.036044 -0.396329 -0.917401 14.260400 -0.997250 -0.073754 -0.007318 -0.343700 0.000000 0.000000 0.000000 1.000000
-0.065064 0.934692 -0.349454 7.670600 0.042811 -0.347259 -0.936792 14.260400 -0.996962 -0.075912 -0.017421 -0.343700 0.000000 0.000000 0.000000 1.000000
-0.066158 0.948310 -0.310372 7.670600 0.048157 -0.307656 -0.950278 14.260400 -0.996646 -0.077815 -0.025314 -0.343700 0.000000 0.000000 0.000000 1.000000
-0.074161 0.947609 -0.310705 7.670600 0.052023 -0.307462 -0.950137 14.260400 -0.995888 -0.086627 -0.026495 -0.343700 0.000000 0.000000 0.000000 1.000000
-0.087084 0.945344 -0.314231 7.670600 0.053544 -0.310532 -0.949054 14.260400 -0.994761 -0.099473 -0.023575 -0.343700 0.000000 0.000000 0.000000 1.000000
-0.091739 0.943207 -0.319286 7.670600 0.053465 -0.315510 -0.947415 14.260400 -0.994347 -0.103985 -0.021484 -0.343700 0.000000 0.000000 0.000000 1.000000
-0.092490 0.940777 -0.326165 7.670600 0.052449 -0.322511 -0.945111 14.260400 -0.994331 -0.104521 -0.019514 -0.343700 0.000000 0.000000 0.000000 1.000000
-0.101459 0.937348 -0.333295 7.670600 0.051736 -0.329599 -0.942702 14.260400 -0.993494 -0.112889 -0.015053 -0.343700 0.000000 0.000000 0.000000 1.000000
-0.104812 0.933640 -0.342535 7.670600 0.051155 -0.338915 -0.939425 14.260400 -0.993175 -0.115986 -0.012238 -0.343700 0.000000 0.000000 0.000000 1.000000
-0.103288 0.929249 -0.354723 7.670600 0.050410 -0.351281 -0.934912 14.260400 -0.993373 -0.114447 -0.010560 -0.343700 0.000000 0.000000 0.000000 1.000000
-0.095121 0.925258 -0.367219 7.670600 0.049016 -0.364091 -0.930073 14.260400 -0.994258 -0.106469 -0.010720 -0.343700 0.000000 0.000000 0.000000 1.000000
-0.089278 0.922114 -0.376477 7.670600 0.047621 -0.373603 -0.926366 14.260400 -0.994868 -0.100632 -0.010558 -0.343700 0.000000 0.000000 0.000000 1.000000
-0.082371 0.918960 -0.385652 7.670600 0.046326 -0.383018 -0.922579 14.260400 -0.995524 -0.093859 -0.011022 -0.343700 0.000000 0.000000 0.000000 1.000000
-0.077399 0.915986 -0.393674 7.670600 0.044965 -0.391250 -0.919185 14.260400 -0.995986 -0.088846 -0.010905 -0.343700 0.000000 0.000000 0.000000 1.000000
-0.080917 0.913937 -0.397708 7.670600 0.043549 -0.395394 -0.917479 14.260400 -0.995769 -0.091560 -0.007807 -0.343700 0.000000 0.000000 0.000000 1.000000
-0.099118 0.911914 -0.398232 7.670600 0.042258 -0.395984 -0.917284 14.260400 -0.994178 -0.107747 0.000714 -0.343700 0.000000 0.000000 0.000000 1.000000
-0.114446 0.910907 -0.396423 7.670600 0.040322 -0.394457 -0.918029 14.260400 -0.992611 -0.121049 0.008415 -0.343700 0.000000 0.000000 0.000000 1.000000
-0.117372 0.910852 -0.395692 7.670600 0.038718 -0.393946 -0.918318 14.260400 -0.992333 -0.123105 0.010972 -0.343700 0.000000 0.000000 0.000000 1.000000
-0.116979 0.910981 -0.395512 7.670600 0.037363 -0.393928 -0.918382 14.260400 -0.992431 -0.122209 0.012045 -0.343700 0.000000 0.000000 0.000000 1.000000
-0.113646 0.911044 -0.396337 7.670600 0.036533 -0.394820 -0.918032 14.260400 -0.992849 -0.118810 0.011587 -0.343700 0.000000 0.000000 0.000000 1.000000
-0.107848 0.910911 -0.398259 7.670600 0.036167 -0.396735 -0.917220 14.260400 -0.993509 -0.113324 0.009842 -0.343700 0.000000 0.000000 0.000000 1.000000
-0.099268 0.910497 -0.401423 7.670600 0.036493 -0.399813 -0.915870 14.260400 -0.994391 -0.105565 0.006462 -0.343700 0.000000 0.000000 0.000000 1.000000
-0.089448 0.910113 -0.404591 7.670600 0.036902 -0.402912 -0.914494 14.260400 -0.995308 -0.096730 0.002455 -0.343700 0.000000 0.000000 0.000000 1.000000
-0.076580 0.910648 -0.406025 7.670600 0.036900 -0.404353 -0.913858 14.260400 -0.996380 -0.084966 -0.002638 -0.343700 0.000000 0.000000 0.000000 1.000000
-0.064762 0.915142 -0.397896 7.670600 0.036044 -0.396327 -0.917402 14.260400 -0.997250 -0.073754 -0.007319 -0.343700 0.000000 0.000000 0.000000 1.000000</float_array>
        <technique_common>
