<?xml version="1.0" encoding="utf-8"?>
<COLLADA xmlns="http://www.collada.org/2005/11/COLLADASchema" version="1.4.1">
  <asset>
    <contributor>
      <author>Mixamo</author>
      <authoring_tool>COLLADA Mixamo exporter</authoring_tool>
      <comments/>
    </contributor>
    <created>2025-01-03T17:30:05Z</created>
    <modified>2025-01-03T17:30:05Z</modified>
    <revision/>
    <title/>
    <unit meter="0.010000"/>
    <up_axis>Y_UP</up_axis>
  </asset>
  <library_animations>
    <animation id="mixamorig_Hips-anim" name="mixamorig_Hips">
      <source id="mixamorig_Hips-Matrix-animation-input">
        <float_array id="mixamorig_Hips-Matrix-animation-input-array" count="60">

0.000000 0.033333 0.066667 0.100000 0.133333 0.166667 0.200000 0.233333 0.266667 0.300000 0.333333 0.366667 0.400000 0.433333 0.466667 0.500000
0.533333 0.566667 0.600000 0.633333 0.666667 0.700000 0.733333 0.766667 0.800000 0.833333 0.866667 0.900000 0.933333 0.966667 1.000000 1.033333
1.066667 1.100000 1.133333 1.166667 1.200000 1.233333 1.266667 1.300000 1.333333 1.366667 1.400000 1.433333 1.466667 1.500000 1.533333 1.566667
1.600000 1.633333 1.666667 1.700000 1.733333 1.766667 1.800000 1.833333 1.866667 1.900000 1.933333 1.966667</float_array>
        <technique_common>
          <accessor source="#mixamorig_Hips-Matrix-animation-input-array" count="60">
            <param name="TIME" type="float"/>
          </accessor>
        </technique_common>
      </source>
      <source id="mixamorig_Hips-Matrix-animation-output-transform">
        <float_array id="mixamorig_Hips-Matrix-animation-output-transform-array" count="960">

0.729856 0.049982 -0.681771 -0.034749 0.004183 0.996978 0.077568 87.931366 0.683588 -0.059465 0.727441 -0.627032 0.000000 0.000000 0.000000 1.000000
0.729556 0.050232 -0.682074 -0.023555 0.004179 0.996953 0.077891 87.940598 0.683908 -0.059676 0.727123 -0.636716 0.000000 0.000000 0.000000 1.000000
0.729343 0.050448 -0.682286 -0.011198 0.004175 0.996931 0.078175 87.950180 0.684135 -0.059865 0.726894 -0.642493 0.000000 0.000000 0.000000 1.000000
0.729344 0.050790 -0.682260 0.000980 0.004022 0.996905 0.078513 87.960632 0.684136 -0.060007 0.726882 -0.641682 0.000000 0.000000 0.000000 1.000000
0.729624 0.051156 -0.681933 0.010653 0.003825 0.996877 0.078873 87.972183 0.683838 -0.060156 0.727150 -0.631820 0.000000 0.000000 0.000000 1.000000
0.730123 0.051540 -0.681369 0.016333 0.003677 0.996841 0.079343 87.984566 0.683306 -0.060435 0.727627 -0.612477 0.000000 0.000000 0.000000 1.000000
0.730689 0.051938 -0.680733 0.018314 0.003646 0.996791 0.079965 87.998322 0.682701 -0.060912 0.728154 -0.584959 0.000000 0.000000 0.000000 1.000000
0.731157 0.052348 -0.680198 0.017999 0.003687 0.996734 0.080671 88.015732 0.682199 -0.061491 0.728576 -0.550978 0.000000 0.000000 0.000000 1.000000
0.731433 0.052654 -0.679878 0.016684 0.003764 0.996688 0.081239 88.038803 0.681903 -0.061980 0.728812 -0.511316 0.000000 0.000000 0.000000 1.000000
0.731496 0.052836 -0.679796 0.016267 0.003824 0.996660 0.081579 88.066315 0.681835 -0.062274 0.728850 -0.466426 0.000000 0.000000 0.000000 1.000000
0.731375 0.052972 -0.679916 0.019526 0.003863 0.996641 0.081804 88.093628 0.681965 -0.062456 0.728713 -0.417998 0.000000 0.000000 0.000000 1.000000
0.731155 0.053191 -0.680135 0.028840 0.003906 0.996613 0.082140 88.115173 0.682200 -0.062714 0.728471 -0.369161 0.000000 0.000000 0.000000 1.000000
0.731025 0.053524 -0.680248 0.043130 0.003998 0.996566 0.082709 88.128754 0.682339 -0.063182 0.728300 -0.322501 0.000000 0.000000 0.000000 1.000000
0.731207 0.053917 -0.680021 0.057283 0.004140 0.996502 0.083461 88.137627 0.682143 -0.063842 0.728427 -0.278433 0.000000 0.000000 0.000000 1.000000
0.731738 0.054372 -0.679414 0.065890 0.004218 0.996433 0.084285 88.149277 0.681573 -0.064541 0.728899 -0.235945 0.000000 0.000000 0.000000 1.000000
0.732335 0.054809 -0.678735 0.067836 0.004181 0.996375 0.084970 88.169731 0.680931 -0.065064 0.729451 -0.194841 0.000000 0.000000 0.000000 1.000000
0.732604 0.055176 -0.678416 0.066674 0.004015 0.996341 0.085368 88.199356 0.680644 -0.065265 0.729702 -0.156318 0.000000 0.000000 0.000000 1.000000
0.732382 0.055428 -0.678634 0.066483 0.003792 0.996334 0.085469 88.232826 0.680883 -0.065169 0.729487 -0.121290 0.000000 0.000000 0.000000 1.000000
0.731882 0.055607 -0.679159 0.068463 0.003584 0.996337 0.085438 88.263412 0.681423 -0.064965 0.729001 -0.088803 0.000000 0.000000 0.000000 1.000000
0.731466 0.055776 -0.679593 0.071127 0.003434 0.996335 0.085468 88.286949 0.681870 -0.064850 0.728593 -0.056135 0.000000 0.000000 0.000000 1.000000
0.731351 0.055886 -0.679707 0.072357 0.003392 0.996327 0.085568 88.303329 0.681992 -0.064886 0.728475 -0.020519 0.000000 0.000000 0.000000 1.000000
0.731508 0.055987 -0.679531 0.071222 0.003408 0.996310 0.085756 88.315834 0.681825 -0.065047 0.728618 0.019298 0.000000 0.000000 0.000000 1.000000
0.731785 0.056063 -0.679226 0.067959 0.003460 0.996293 0.085961 88.327843 0.681527 -0.065255 0.728878 0.062305 0.000000 0.000000 0.000000 1.000000
0.732039 0.056052 -0.678953 0.063383 0.003568 0.996280 0.086097 88.340637 0.681254 -0.065449 0.729116 0.105700 0.000000 0.000000 0.000000 1.000000
0.732164 0.055988 -0.678824 0.058609 0.003690 0.996275 0.086150 88.352905 0.681119 -0.065581 0.729230 0.145534 0.000000 0.000000 0.000000 1.000000
0.732114 0.055871 -0.678887 0.054408 0.003799 0.996280 0.086090 88.362762 0.681171 -0.065607 0.729179 0.177757 0.000000 0.000000 0.000000 1.000000
0.731901 0.055759 -0.679126 0.050662 0.003838 0.996293 0.085936 88.369766 0.681400 -0.065503 0.728974 0.199572 0.000000 0.000000 0.000000 1.000000
0.731641 0.055612 -0.679418 0.046442 0.003824 0.996316 0.085669 88.374939 0.681680 -0.065277 0.728733 0.210901 0.000000 0.000000 0.000000 1.000000
0.731438 0.055463 -0.679648 0.041332 0.003757 0.996344 0.085350 88.378311 0.681897 -0.064982 0.728556 0.213416 0.000000 0.000000 0.000000 1.000000
0.731307 0.055371 -0.679797 0.036148 0.003637 0.996368 0.085069 88.377327 0.682038 -0.064684 0.728450 0.208425 0.000000 0.000000 0.000000 1.000000
0.731226 0.055278 -0.679892 0.032275 0.003558 0.996388 0.084837 88.367760 0.682126 -0.064454 0.728388 0.196078 0.000000 0.000000 0.000000 1.000000
0.731227 0.055226 -0.679895 0.030345 0.003526 0.996398 0.084726 88.348022 0.682125 -0.064351 0.728398 0.176446 0.000000 0.000000 0.000000 1.000000
0.731387 0.055249 -0.679721 0.029253 0.003500 0.996396 0.084755 88.322067 0.681953 -0.064368 0.728558 0.150640 0.000000 0.000000 0.000000 1.000000
0.731694 0.055318 -0.679385 0.026833 0.003442 0.996389 0.084837 88.298187 0.681624 -0.064413 0.728861 0.120769 0.000000 0.000000 0.000000 1.000000
0.731997 0.055400 -0.679051 0.021686 0.003329 0.996386 0.084878 88.283745 0.681299 -0.064392 0.729167 0.088988 0.000000 0.000000 0.000000 1.000000
0.732089 0.055261 -0.678964 0.014549 0.003273 0.996407 0.084627 88.279800 0.681201 -0.064176 0.729278 0.056256 0.000000 0.000000 0.000000 1.000000
0.731874 0.054958 -0.679220 0.008421 0.003267 0.996448 0.084147 88.279518 0.681432 -0.063804 0.729095 0.021643 0.000000 0.000000 0.000000 1.000000
0.731483 0.054648 -0.679667 0.005657 0.003284 0.996489 0.083655 88.272446 0.681852 -0.063424 0.728735 -0.015857 0.000000 0.000000 0.000000 1.000000
0.731198 0.054430 -0.679990 0.005291 0.003319 0.996516 0.083336 88.252136 0.682157 -0.063192 0.728470 -0.055062 0.000000 0.000000 0.000000 1.000000
0.731217 0.054296 -0.679981 0.004053 0.003373 0.996527 0.083199 88.221100 0.682137 -0.063130 0.728494 -0.092648 0.000000 0.000000 0.000000 1.000000
0.731465 0.054180 -0.679723 -0.000397 0.003439 0.996532 0.083134 88.188347 0.681870 -0.063147 0.728743 -0.125880 0.000000 0.000000 0.000000 1.000000
0.731671 0.054014 -0.679515 -0.008090 0.003535 0.996542 0.083021 88.162743 0.681649 -0.063146 0.728950 -0.154933 0.000000 0.000000 0.000000 1.000000
0.731602 0.053745 -0.679610 -0.017504 0.003661 0.996563 0.082751 88.146881 0.681722 -0.063029 0.728891 -0.182704 0.000000 0.000000 0.000000 1.000000
0.731235 0.053433 -0.680030 -0.026871 0.003788 0.996594 0.082380 88.136673 0.682115 -0.062815 0.728542 -0.213147 0.000000 0.000000 0.000000 1.000000
0.730734 0.053135 -0.680591 -0.034735 0.003900 0.996625 0.081996 88.125351 0.682651 -0.062572 0.728061 -0.249191 0.000000 0.000000 0.000000 1.000000
0.730314 0.052903 -0.681060 -0.040361 0.003957 0.996652 0.081661 88.108658 0.683100 -0.062334 0.727660 -0.291452 0.000000 0.000000 0.000000 1.000000
0.730101 0.052709 -0.681303 -0.044266 0.003963 0.996677 0.081354 88.086639 0.683327 -0.062097 0.727467 -0.338117 0.000000 0.000000 0.000000 1.000000
0.730105 0.052496 -0.681315 -0.047701 0.003951 0.996704 0.081031 88.062950 0.683323 -0.061853 0.727491 -0.385998 0.000000 0.000000 0.000000 1.000000
0.730260 0.052256 -0.681168 -0.051381 0.003943 0.996731 0.080691 88.041893 0.683158 -0.061612 0.727667 -0.431943 0.000000 0.000000 0.000000 1.000000
0.730469 0.051987 -0.680965 -0.054346 0.003962 0.996759 0.080346 88.025314 0.682935 -0.061388 0.727895 -0.473476 0.000000 0.000000 0.000000 1.000000
0.730610 0.051657 -0.680838 -0.054795 0.004047 0.996789 0.079972 88.011826 0.682783 -0.061183 0.728055 -0.508547 0.000000 0.000000 0.000000 1.000000
0.730583 0.051299 -0.680894 -0.051885 0.004175 0.996820 0.079581 87.998642 0.682811 -0.060983 0.728045 -0.535758 0.000000 0.000000 0.000000 1.000000
0.730373 0.051076 -0.681137 -0.046495 0.004226 0.996843 0.079281 87.984360 0.683036 -0.060783 0.727851 -0.555174 0.000000 0.000000 0.000000 1.000000
0.730057 0.050952 -0.681484 -0.040916 0.004223 0.996861 0.079056 87.970047 0.683373 -0.060593 0.727550 -0.568667 0.000000 0.000000 0.000000 1.000000
0.729767 0.050843 -0.681803 -0.036989 0.004221 0.996877 0.078856 87.957413 0.683683 -0.060425 0.727273 -0.579117 0.000000 0.000000 0.000000 1.000000
0.729608 0.050721 -0.681982 -0.035414 0.004220 0.996893 0.078656 87.947639 0.683853 -0.060266 0.727127 -0.588971 0.000000 0.000000 0.000000 1.000000
0.729620 0.050547 -0.681982 -0.035655 0.004220 0.996913 0.078404 87.940773 0.683840 -0.060083 0.727154 -0.599338 0.000000 0.000000 0.000000 1.000000
0.729742 0.050311 -0.681869 -0.036307 0.004221 0.996938 0.078076 87.936180 0.683709 -0.059854 0.727296 -0.610345 0.000000 0.000000 0.000000 1.000000
0.729836 0.050052 -0.681787 -0.035602 0.004223 0.996967 0.077711 87.932793 0.683609 -0.059595 0.727411 -0.621487 0.000000 0.000000 0.000000 1.000000
0.729836 0.049929 -0.681796 -0.034762 0.004222 0.996981 0.077530 87.931244 0.683609 -0.059463 0.727422 -0.626927 0.000000 0.000000 0.000000 1.000000</float_array>
        <technique_common>
          <accessor source="#mixamorig_Hips-Matrix-animation-output-transform-array" count="60" stride="16">
            <param type="float4x4"/>
          </accessor>
        </technique_common>
      </source>
      <source id="mixamorig_Hips-Interpolations">
        <Name_array id="mixamorig_Hips-Interpolations-array" count="60">
 LINEAR LINEAR LINEAR LINEAR LINEAR LINEAR LINEAR LINEAR LINEAR LINEAR LINEAR
LINEAR LINEAR LINEAR LINEAR LINEAR LINEAR LINEAR LINEAR LINEAR LINEAR LINEAR LINEAR
LINEAR LINEAR LINEAR LINEAR LINEAR LINEAR LINEAR LINEAR LINEAR LINEAR LINEAR LINEAR
LINEAR LINEAR LINEAR LINEAR LINEAR LINEAR LINEAR LINEAR LINEAR LINEAR LINEAR LINEAR
LINEAR LINEAR LINEAR LINEAR LINEAR LINEAR LINEAR LINEAR LINEAR LINEAR LINEAR LINEAR
LINEAR</Name_array>
        <technique_common>
          <accessor source="#mixamorig_Hips-Interpolations-array" count="60">
            <param type="name"/>
          </accessor>
        </technique_common>
      </source>
      <sampler id="mixamorig_Hips-Matrix-animation-transform">
        <input semantic="INPUT" source="#mixamorig_Hips-Matrix-animation-input"/>
        <input semantic="OUTPUT" source="#mixamorig_Hips-Matrix-animation-output-transform"/>
        <input semantic="INTERPOLATION" source="#mixamorig_Hips-Interpolations"/>
      </sampler>
      <channel source="#mixamorig_Hips-Matrix-animation-transform" target="mixamorig_Hips/matrix"/>
    </animation>
    <animation id="mixamorig_Spine-anim" name="mixamorig_Spine">
      <source id="mixamorig_Spine-Matrix-animation-input">
        <float_array id="mixamorig_Spine-Matrix-animation-input-array" count="60">

0.000000 0.033333 0.066667 0.100000 0.133333 0.166667 0.200000 0.233333 0.266667 0.300000 0.333333 0.366667 0.400000 0.433333 0.466667 0.500000
0.533333 0.566667 0.600000 0.633333 0.666667 0.700000 0.733333 0.766667 0.800000 0.833333 0.866667 0.900000 0.933333 0.966667 1.000000 1.033333
1.066667 1.100000 1.133333 1.166667 1.200000 1.233333 1.266667 1.300000 1.333333 1.366667 1.400000 1.433333 1.466667 1.500000 1.533333 1.566667
1.600000 1.633333 1.666667 1.700000 1.733333 1.766667 1.800000 1.833333 1.866667 1.900000 1.933333 1.966667</float_array>
        <technique_common>
          <accessor source="#mixamorig_Spine-Matrix-animation-input-array" count="60">
            <param name="TIME" type="float"/>
          </accessor>
        </technique_common>
      </source>
      <source id="mixamorig_Spine-Matrix-animation-output-transform">
        <float_array id="mixamorig_Spine-Matrix-animation-output-transform-array" count="960">

0.996537 0.016259 0.081540 0.000000 -0.015139 0.999783 -0.014334 10.871300 -0.081755 0.013050 0.996567 -0.951400 0.000000 0.000000 0.000000 1.000000
0.996538 0.016243 0.081541 0.000000 -0.015127 0.999784 -0.014282 10.871300 -0.081755 0.012999 0.996568 -0.951400 0.000000 0.000000 0.000000 1.000000
0.996538 0.016210 0.081545 0.000000 -0.015103 0.999785 -0.014173 10.871300 -0.081757 0.012892 0.996569 -0.951400 0.000000 0.000000 0.000000 1.000000
0.996543 0.016151 0.081498 0.000000 -0.015058 0.999789 -0.014004 10.871300 -0.081707 0.012729 0.996575 -0.951400 0.000000 0.000000 0.000000 1.000000
0.996554 0.016064 0.081382 0.000000 -0.014992 0.999793 -0.013775 10.871300 -0.081586 0.012507 0.996588 -0.951400 0.000000 0.000000 0.000000 1.000000
0.996577 0.015915 0.081124 -0.000000 -0.014869 0.999798 -0.013490 10.871300 -0.081323 0.012238 0.996613 -0.951400 0.000000 0.000000 0.000000 1.000000
0.996601 0.015766 0.080861 -0.000000 -0.014749 0.999805 -0.013168 10.871300 -0.081053 0.011930 0.996638 -0.951400 0.000000 0.000000 0.000000 1.000000
0.996615 0.015637 0.080712 -0.000000 -0.014651 0.999811 -0.012798 10.871300 -0.080897 0.011572 0.996655 -0.951400 0.000000 0.000000 0.000000 1.000000
0.996619 0.015524 0.080685 -0.000000 -0.014572 0.999817 -0.012371 10.871300 -0.080862 0.011153 0.996663 -0.951400 0.000000 0.000000 0.000000 1.000000
0.996615 0.015421 0.080747 -0.000000 -0.014509 0.999824 -0.011876 10.871300 -0.080916 0.010664 0.996664 -0.951400 0.000000 0.000000 0.000000 1.000000
0.996608 0.015321 0.080854 0.000000 -0.014449 0.999831 -0.011356 10.871300 -0.081015 0.010149 0.996661 -0.951400 0.000000 0.000000 0.000000 1.000000
0.996600 0.015212 0.080971 -0.000000 -0.014379 0.999838 -0.010867 10.871300 -0.081124 0.009666 0.996657 -0.951400 0.000000 0.000000 0.000000 1.000000
0.996596 0.015084 0.081043 -0.000000 -0.014285 0.999844 -0.010431 10.871300 -0.081188 0.009237 0.996656 -0.951400 0.000000 0.000000 0.000000 1.000000
0.996602 0.014932 0.081003 -0.000000 -0.014166 0.999849 -0.010023 10.871300 -0.081140 0.008841 0.996663 -0.951400 0.000000 0.000000 0.000000 1.000000
0.996618 0.014759 0.080841 -0.000000 -0.014028 0.999855 -0.009605 10.871300 -0.080972 0.008438 0.996681 -0.951400 0.000000 0.000000 0.000000 1.000000
0.996633 0.014585 0.080684 -0.000000 -0.013892 0.999862 -0.009148 10.871300 -0.080806 0.007996 0.996698 -0.951400 0.000000 0.000000 0.000000 1.000000
0.996639 0.014423 0.080639 0.000000 -0.013769 0.999868 -0.008660 10.871300 -0.080753 0.007520 0.996706 -0.951400 0.000000 0.000000 0.000000 1.000000
0.996635 0.014293 0.080717 -0.000000 -0.013677 0.999873 -0.008173 10.871300 -0.080824 0.007041 0.996704 -0.951400 0.000000 0.000000 0.000000 1.000000
0.996626 0.014189 0.080835 -0.000000 -0.013609 0.999878 -0.007718 10.871300 -0.080935 0.006592 0.996698 -0.951400 0.000000 0.000000 0.000000 1.000000
0.996622 0.014090 0.080907 0.000000 -0.013541 0.999881 -0.007325 10.871300 -0.081001 0.006205 0.996695 -0.951400 0.000000 0.000000 0.000000 1.000000
0.996624 0.013991 0.080899 -0.000000 -0.013471 0.999885 -0.006970 10.871300 -0.080988 0.005856 0.996698 -0.951400 0.000000 0.000000 0.000000 1.000000
0.996630 0.013907 0.080841 0.000000 -0.013414 0.999888 -0.006633 10.871300 -0.080924 0.005527 0.996705 -0.951400 0.000000 0.000000 0.000000 1.000000
0.996635 0.013841 0.080790 -0.000000 -0.013375 0.999891 -0.006304 10.871300 -0.080869 0.005202 0.996711 -0.951400 0.000000 0.000000 0.000000 1.000000
0.996637 0.013789 0.080777 -0.000000 -0.013348 0.999893 -0.006000 10.871300 -0.080851 0.004901 0.996714 -0.951400 0.000000 0.000000 0.000000 1.000000
0.996636 0.013753 0.080792 0.000000 -0.013331 0.999895 -0.005749 10.871300 -0.080863 0.004652 0.996714 -0.951400 0.000000 0.000000 0.000000 1.000000
0.996633 0.013738 0.080831 -0.000000 -0.013330 0.999896 -0.005580 10.871300 -0.080900 0.004484 0.996712 -0.951400 0.000000 0.000000 0.000000 1.000000
0.996629 0.013759 0.080877 -0.000000 -0.013355 0.999896 -0.005529 10.871300 -0.080944 0.004430 0.996709 -0.951400 0.000000 0.000000 0.000000 1.000000
0.996625 0.013822 0.080919 -0.000000 -0.013411 0.999894 -0.005619 10.871300 -0.080988 0.004514 0.996705 -0.951400 0.000000 0.000000 0.000000 1.000000
0.996621 0.013910 0.080957 0.000000 -0.013482 0.999892 -0.005824 10.871300 -0.081029 0.004713 0.996701 -0.951400 0.000000 0.000000 0.000000 1.000000
0.996616 0.014010 0.080998 -0.000000 -0.013561 0.999890 -0.006081 10.871300 -0.081074 0.004962 0.996696 -0.951400 0.000000 0.000000 0.000000 1.000000
0.996612 0.014103 0.081034 -0.000000 -0.013632 0.999887 -0.006363 10.871300 -0.081115 0.005236 0.996691 -0.951400 0.000000 0.000000 0.000000 1.000000
0.996610 0.014186 0.081038 -0.000000 -0.013687 0.999884 -0.006702 10.871300 -0.081124 0.005570 0.996688 -0.951400 0.000000 0.000000 0.000000 1.000000
0.996612 0.014260 0.080997 0.000000 -0.013728 0.999880 -0.007121 10.871300 -0.081089 0.005985 0.996689 -0.951400 0.000000 0.000000 0.000000 1.000000
0.996616 0.014332 0.080935 0.000000 -0.013765 0.999877 -0.007558 10.871300 -0.081033 0.006418 0.996691 -0.951400 0.000000 0.000000 0.000000 1.000000
0.996618 0.014412 0.080899 -0.000000 -0.013813 0.999873 -0.007955 10.871300 -0.081003 0.006810 0.996691 -0.951400 0.000000 0.000000 0.000000 1.000000
0.996615 0.014504 0.080923 0.000000 -0.013878 0.999869 -0.008294 10.871300 -0.081033 0.007143 0.996686 -0.951400 0.000000 0.000000 0.000000 1.000000
0.996608 0.014607 0.080994 -0.000000 -0.013955 0.999866 -0.008613 10.871300 -0.081109 0.007454 0.996677 -0.951400 0.000000 0.000000 0.000000 1.000000
0.996601 0.014712 0.081059 -0.000000 -0.014032 0.999862 -0.008946 10.871300 -0.081179 0.007778 0.996669 -0.951400 0.000000 0.000000 0.000000 1.000000
0.996599 0.014794 0.081068 0.000000 -0.014084 0.999857 -0.009325 10.871300 -0.081194 0.008152 0.996665 -0.951400 0.000000 0.000000 0.000000 1.000000
0.996601 0.014839 0.081026 -0.000000 -0.014097 0.999853 -0.009724 10.871300 -0.081159 0.008549 0.996665 -0.951400 0.000000 0.000000 0.000000 1.000000
0.996605 0.014900 0.080970 0.000000 -0.014129 0.999849 -0.010089 10.871300 -0.081109 0.008910 0.996665 -0.951400 0.000000 0.000000 0.000000 1.000000
0.996605 0.014985 0.080953 -0.000000 -0.014190 0.999845 -0.010392 10.871300 -0.081096 0.009208 0.996664 -0.951400 0.000000 0.000000 0.000000 1.000000
0.996600 0.015089 0.080999 -0.000000 -0.014272 0.999841 -0.010653 10.871300 -0.081147 0.009461 0.996657 -0.951400 0.000000 0.000000 0.000000 1.000000
0.996591 0.015204 0.081092 0.000000 -0.014365 0.999837 -0.010915 10.871300 -0.081245 0.009713 0.996647 -0.951400 0.000000 0.000000 0.000000 1.000000
0.996579 0.015327 0.081214 0.000000 -0.014464 0.999833 -0.011209 10.871300 -0.081372 0.009996 0.996634 -0.951400 0.000000 0.000000 0.000000 1.000000
0.996568 0.015443 0.081330 0.000000 -0.014553 0.999828 -0.011524 10.871300 -0.081494 0.010300 0.996621 -0.951400 0.000000 0.000000 0.000000 1.000000
0.996560 0.015545 0.081404 -0.000000 -0.014628 0.999823 -0.011851 10.871300 -0.081574 0.010619 0.996611 -0.951400 0.000000 0.000000 0.000000 1.000000
0.996556 0.015638 0.081438 -0.000000 -0.014694 0.999818 -0.012174 10.871300 -0.081613 0.010935 0.996604 -0.951400 0.000000 0.000000 0.000000 1.000000
0.996554 0.015722 0.081445 0.000000 -0.014753 0.999813 -0.012486 10.871300 -0.081626 0.011241 0.996600 -0.951400 0.000000 0.000000 0.000000 1.000000
0.996553 0.015798 0.081444 0.000000 -0.014805 0.999809 -0.012780 10.871300 -0.081631 0.011530 0.996596 -0.951400 0.000000 0.000000 0.000000 1.000000
0.996552 0.015864 0.081443 0.000000 -0.014848 0.999805 -0.013054 10.871300 -0.081635 0.011800 0.996592 -0.951400 0.000000 0.000000 0.000000 1.000000
0.996550 0.015919 0.081453 0.000000 -0.014883 0.999801 -0.013305 10.871300 -0.081649 0.012047 0.996588 -0.951400 0.000000 0.000000 0.000000 1.000000
0.996546 0.015956 0.081493 0.000000 -0.014902 0.999797 -0.013526 10.871300 -0.081693 0.012265 0.996582 -0.951400 0.000000 0.000000 0.000000 1.000000
0.996542 0.015976 0.081542 0.000000 -0.014906 0.999795 -0.013716 10.871300 -0.081744 0.012453 0.996576 -0.951400 0.000000 0.000000 0.000000 1.000000
0.996539 0.015996 0.081577 -0.000000 -0.014912 0.999792 -0.013883 10.871300 -0.081782 0.012619 0.996570 -0.951400 0.000000 0.000000 0.000000 1.000000
0.996537 0.016037 0.081584 0.000000 -0.014940 0.999790 -0.014035 10.871300 -0.081792 0.012768 0.996568 -0.951400 0.000000 0.000000 0.000000 1.000000
0.996537 0.016082 0.081576 -0.000000 -0.014976 0.999788 -0.014162 10.871300 -0.081786 0.012892 0.996567 -0.951400 0.000000 0.000000 0.000000 1.000000
0.996537 0.016122 0.081569 -0.000000 -0.015007 0.999786 -0.014263 10.871300 -0.081781 0.012989 0.996566 -0.951400 0.000000 0.000000 0.000000 1.000000
0.996537 0.016146 0.081565 0.000000 -0.015023 0.999784 -0.014355 10.871300 -0.081779 0.013080 0.996565 -0.951400 0.000000 0.000000 0.000000 1.000000
0.996537 0.016155 0.081564 0.000000 -0.015030 0.999783 -0.014393 10.871300 -0.081779 0.013117 0.996564 -0.951400 0.000000 0.000000 0.000000 1.000000</float_array>
        <technique_common>
          <accessor source="#mixamorig_Spine-Matrix-animation-output-transform-array" count="60" stride="16">
            <param type="float4x4"/>
          </accessor>
        </technique_common>
      </source>
      <source id="mixamorig_Spine-Interpolations">
        <Name_array id="mixamorig_Spine-Interpolations-array" count="60">
 LINEAR LINEAR LINEAR LINEAR LINEAR LINEAR LINEAR LINEAR LINEAR LINEAR LINEAR
LINEAR LINEAR LINEAR LINEAR LINEAR LINEAR LINEAR LINEAR LINEAR LINEAR LINEAR LINEAR
LINEAR LINEAR LINEAR LINEAR LINEAR LINEAR LINEAR LINEAR LINEAR LINEAR LINEAR LINEAR
LINEAR LINEAR LINEAR LINEAR LINEAR LINEAR LINEAR LINEAR LINEAR LINEAR LINEAR LINEAR
LINEAR LINEAR LINEAR LINEAR LINEAR LINEAR LINEAR LINEAR LINEAR LINEAR LINEAR LINEAR
LINEAR</Name_array>
        <technique_common>
          <accessor source="#mixamorig_Spine-Interpolations-array" count="60">
            <param type="name"/>
          </accessor>
        </technique_common>
      </source>
      <sampler id="mixamorig_Spine-Matrix-animation-transform">
        <input semantic="INPUT" source="#mixamorig_Spine-Matrix-animation-input"/>
        <input semantic="OUTPUT" source="#mixamorig_Spine-Matrix-animation-output-transform"/>
        <input semantic="INTERPOLATION" source="#mixamorig_Spine-Interpolations"/>
      </sampler>
      <channel source="#mixamorig_Spine-Matrix-animation-transform" target="mixamorig_Spine/matrix"/>
    </animation>
    <animation id="mixamorig_Spine1-anim" name="mixamorig_Spine1">
      <source id="mixamorig_Spine1-Matrix-animation-input">
        <float_array id="mixamorig_Spine1-Matrix-animation-input-array" count="60">

0.000000 0.033333 0.066667 0.100000 0.133333 0.166667 0.200000 0.233333 0.266667 0.300000 0.333333 0.366667 0.400000 0.433333 0.466667 0.500000
0.533333 0.566667 0.600000 0.633333 0.666667 0.700000 0.733333 0.766667 0.800000 0.833333 0.866667 0.900000 0.933333 0.966667 1.000000 1.033333
1.066667 1.100000 1.133333 1.166667 1.200000 1.233333 1.266667 1.300000 1.333333 1.366667 1.400000 1.433333 1.466667 1.500000 1.533333 1.566667
1.600000 1.633333 1.666667 1.700000 1.733333 1.766667 1.800000 1.833333 1.866667 1.900000 1.933333 1.966667</float_array>
        <technique_common>
          <accessor source="#mixamorig_Spine1-Matrix-animation-input-array" count="60">
            <param name="TIME" type="float"/>
          </accessor>
        </technique_common>
      </source>
      <source id="mixamorig_Spine1-Matrix-animation-output-transform">
        <float_array id="mixamorig_Spine1-Matrix-animation-output-transform-array" count="960">

0.986184 0.039210 0.160946 0.000000 -0.006070 0.979485 -0.201427 12.731600 -0.165542 0.197667 0.966190 -0.000000 0.000000 0.000000 0.000000 1.000000
0.986184 0.039180 0.160952 0.000000 -0.006057 0.979506 -0.201325 12.731600 -0.165541 0.197569 0.966210 0.000000 0.000000 0.000000 0.000000 1.000000
0.986185 0.039111 0.160963 0.000000 -0.006023 0.979550 -0.201110 12.731600 -0.165537 0.197363 0.966253 -0.000000 0.000000 0.000000 0.000000 1.000000
0.986204 0.038975 0.160881 0.000000 -0.005961 0.979619 -0.200779 12.731600 -0.165428 0.197050 0.966336 0.000000 0.000000 0.000000 0.000000 1.000000
0.986247 0.038769 0.160665 0.000000 -0.005878 0.979712 -0.200326 12.731600 -0.165171 0.196626 0.966466 0.000000 0.000000 0.000000 0.000000 1.000000
0.986341 0.038417 0.160176 0.000000 -0.005723 0.979827 -0.199764 12.731600 -0.164619 0.196119 0.966663 0.000000 0.000000 0.000000 0.000000 1.000000
0.986435 0.038063 0.159676 -0.000000 -0.005579 0.979957 -0.199129 12.731600 -0.164055 0.195538 0.966877 0.000000 0.000000 0.000000 0.000000 1.000000
0.986492 0.037756 0.159400 0.000000 -0.005453 0.980106 -0.198401 12.731600 -0.163719 0.194851 0.967072 0.000000 0.000000 0.000000 0.000000 1.000000
0.986508 0.037490 0.159364 0.000000 -0.005339 0.980276 -0.197559 12.731600 -0.163628 0.194042 0.967251 0.000000 0.000000 0.000000 0.000000 1.000000
0.986494 0.037253 0.159506 0.000000 -0.005240 0.980473 -0.196583 12.731600 -0.163714 0.193092 0.967426 0.000000 0.000000 0.000000 0.000000 1.000000
0.986465 0.037024 0.159737 0.000000 -0.005140 0.980679 -0.195558 12.731600 -0.163891 0.192090 0.967596 0.000000 0.000000 0.000000 0.000000 1.000000
0.986433 0.036783 0.159989 0.000000 -0.005014 0.980871 -0.194593 12.731600 -0.164086 0.191151 0.967748 0.000000 0.000000 0.000000 0.000000 1.000000
0.986418 0.036501 0.160150 0.000000 -0.004849 0.981043 -0.193729 12.731600 -0.164185 0.190321 0.967895 -0.000000 0.000000 0.000000 0.000000 1.000000
0.986440 0.036160 0.160092 0.000000 -0.004658 0.981203 -0.192921 12.731600 -0.164058 0.189560 0.968066 -0.000000 0.000000 0.000000 0.000000 1.000000
0.986502 0.035762 0.159797 0.000000 -0.004459 0.981366 -0.192095 12.731600 -0.163689 0.188789 0.968279 0.000000 0.000000 0.000000 0.000000 1.000000
0.986563 0.035357 0.159507 0.000000 -0.004265 0.981544 -0.191191 12.731600 -0.163323 0.187941 0.968506 0.000000 0.000000 0.000000 0.000000 1.000000
0.986587 0.034985 0.159443 0.000000 -0.004071 0.981732 -0.190225 12.731600 -0.163185 0.187024 0.968707 0.000000 0.000000 0.000000 0.000000 1.000000
0.986569 0.034694 0.159618 0.000000 -0.003909 0.981919 -0.189261 12.731600 -0.163298 0.186095 0.968867 0.000000 0.000000 0.000000 0.000000 1.000000
0.986537 0.034461 0.159868 0.000000 -0.003782 0.982092 -0.188361 12.731600 -0.163497 0.185221 0.969001 0.000000 0.000000 0.000000 0.000000 1.000000
0.986519 0.034240 0.160028 -0.000000 -0.003662 0.982242 -0.187583 12.731600 -0.163609 0.184468 0.969125 -0.000000 0.000000 0.000000 0.000000 1.000000
0.986526 0.034013 0.160027 0.000000 -0.003555 0.982376 -0.186880 12.731600 -0.163563 0.183793 0.969261 -0.000000 0.000000 0.000000 0.000000 1.000000
0.986550 0.033810 0.159925 0.000000 -0.003485 0.982502 -0.186217 12.731600 -0.163423 0.183155 0.969406 0.000000 0.000000 0.000000 0.000000 1.000000
0.986570 0.033642 0.159834 -0.000000 -0.003443 0.982625 -0.185569 12.731600 -0.163300 0.182526 0.969545 0.000000 0.000000 0.000000 0.000000 1.000000
0.986578 0.033509 0.159817 0.000000 -0.003415 0.982738 -0.184969 12.731600 -0.163257 0.181940 0.969662 0.000000 0.000000 0.000000 0.000000 1.000000
0.986575 0.033413 0.159855 0.000000 -0.003396 0.982831 -0.184474 12.731600 -0.163274 0.181455 0.969750 -0.000000 0.000000 0.000000 0.000000 1.000000
0.986563 0.033372 0.159935 0.000000 -0.003396 0.982894 -0.184142 12.731600 -0.163345 0.181124 0.969800 -0.000000 0.000000 0.000000 0.000000 1.000000
0.986547 0.033413 0.160025 0.000000 -0.003437 0.982912 -0.184042 12.731600 -0.163440 0.181017 0.969804 0.000000 0.000000 0.000000 0.000000 1.000000
0.986530 0.033548 0.160100 0.000000 -0.003527 0.982878 -0.184222 12.731600 -0.163540 0.181176 0.969758 -0.000000 0.000000 0.000000 0.000000 1.000000
0.986514 0.033742 0.160164 0.000000 -0.003640 0.982802 -0.184629 12.731600 -0.163639 0.181556 0.969670 0.000000 0.000000 0.000000 0.000000 1.000000
0.986495 0.033962 0.160230 0.000000 -0.003760 0.982705 -0.185139 12.731600 -0.163747 0.182036 0.969562 0.000000 0.000000 0.000000 0.000000 1.000000
0.986478 0.034173 0.160289 0.000000 -0.003865 0.982600 -0.185696 12.731600 -0.163845 0.182565 0.969446 -0.000000 0.000000 0.000000 0.000000 1.000000
0.986473 0.034365 0.160282 0.000000 -0.003945 0.982473 -0.186366 12.731600 -0.163878 0.183212 0.969318 0.000000 0.000000 0.000000 0.000000 1.000000
0.986482 0.034543 0.160187 -0.000000 -0.004001 0.982315 -0.187193 12.731600 -0.163820 0.184022 0.969174 0.000000 0.000000 0.000000 0.000000 1.000000
0.986498 0.034715 0.160050 0.000000 -0.004052 0.982150 -0.188054 12.731600 -0.163721 0.184866 0.969030 0.000000 0.000000 0.000000 0.000000 1.000000
0.986506 0.034898 0.159964 0.000000 -0.004119 0.982000 -0.188836 12.731600 -0.163675 0.185629 0.968892 0.000000 0.000000 0.000000 0.000000 1.000000
0.986493 0.035112 0.159998 0.000000 -0.004211 0.981870 -0.189507 12.731600 -0.163751 0.186273 0.968756 0.000000 0.000000 0.000000 0.000000 1.000000
0.986464 0.035353 0.160124 -0.000000 -0.004321 0.981748 -0.190136 12.731600 -0.163923 0.186871 0.968612 0.000000 0.000000 0.000000 0.000000 1.000000
0.986437 0.035600 0.160234 0.000000 -0.004434 0.981620 -0.190794 12.731600 -0.164081 0.187495 0.968464 0.000000 0.000000 0.000000 0.000000 1.000000
0.986429 0.035800 0.160239 0.000000 -0.004505 0.981474 -0.191542 12.731600 -0.164128 0.188221 0.968315 0.000000 0.000000 0.000000 0.000000 1.000000
0.986439 0.035922 0.160147 0.000000 -0.004512 0.981321 -0.192326 12.731600 -0.164064 0.188996 0.968175 0.000000 0.000000 0.000000 0.000000 1.000000
0.986454 0.036067 0.160024 0.000000 -0.004559 0.981179 -0.193045 12.731600 -0.163975 0.189700 0.968053 0.000000 0.000000 0.000000 0.000000 1.000000
0.986455 0.036259 0.159977 0.000000 -0.004657 0.981061 -0.193644 12.731600 -0.163968 0.190276 0.967941 -0.000000 0.000000 0.000000 0.000000 1.000000
0.986434 0.036492 0.160051 -0.000000 -0.004786 0.980958 -0.194161 12.731600 -0.164089 0.190761 0.967825 0.000000 0.000000 0.000000 0.000000 1.000000
0.986397 0.036753 0.160222 -0.000000 -0.004925 0.980854 -0.194681 12.731600 -0.164309 0.191243 0.967692 0.000000 0.000000 0.000000 0.000000 1.000000
0.986350 0.037040 0.160444 -0.000000 -0.005067 0.980738 -0.195260 12.731600 -0.164586 0.191782 0.967539 0.000000 0.000000 0.000000 0.000000 1.000000
0.986305 0.037314 0.160658 0.000000 -0.005191 0.980614 -0.195882 12.731600 -0.164852 0.192366 0.967378 0.000000 0.000000 0.000000 0.000000 1.000000
0.986274 0.037556 0.160789 0.000000 -0.005296 0.980484 -0.196528 12.731600 -0.165032 0.192979 0.967225 -0.000000 0.000000 0.000000 0.000000 1.000000
0.986257 0.037776 0.160842 -0.000000 -0.005395 0.980355 -0.197166 12.731600 -0.165130 0.193588 0.967086 0.000000 0.000000 0.000000 0.000000 1.000000
0.986249 0.037972 0.160843 0.000000 -0.005485 0.980231 -0.197781 12.731600 -0.165173 0.194179 0.966960 0.000000 0.000000 0.000000 0.000000 1.000000
0.986245 0.038148 0.160827 0.000000 -0.005564 0.980113 -0.198362 12.731600 -0.165196 0.194738 0.966844 0.000000 0.000000 0.000000 0.000000 1.000000
0.986241 0.038303 0.160815 0.000000 -0.005629 0.980003 -0.198901 12.731600 -0.165217 0.195259 0.966735 0.000000 0.000000 0.000000 0.000000 1.000000
0.986234 0.038439 0.160826 0.000000 -0.005677 0.979903 -0.199396 12.731600 -0.165259 0.195738 0.966631 0.000000 0.000000 0.000000 0.000000 1.000000
0.986218 0.038540 0.160897 0.000000 -0.005688 0.979814 -0.199829 12.731600 -0.165351 0.196160 0.966530 0.000000 0.000000 0.000000 0.000000 1.000000
0.986201 0.038602 0.160988 0.000000 -0.005668 0.979739 -0.200200 12.731600 -0.165454 0.196525 0.966438 0.000000 0.000000 0.000000 0.000000 1.000000
0.986188 0.038659 0.161053 0.000000 -0.005656 0.979672 -0.200527 12.731600 -0.165531 0.196846 0.966360 0.000000 0.000000 0.000000 0.000000 1.000000
0.986184 0.038754 0.161059 0.000000 -0.005698 0.979610 -0.200827 12.731600 -0.165558 0.197134 0.966296 0.000000 0.000000 0.000000 0.000000 1.000000
0.986183 0.038854 0.161037 0.000000 -0.005758 0.979558 -0.201078 12.731600 -0.165558 0.197373 0.966248 0.000000 0.000000 0.000000 0.000000 1.000000
0.986183 0.038939 0.161017 -0.000000 -0.005812 0.979517 -0.201278 12.731600 -0.165557 0.197561 0.966210 0.000000 0.000000 0.000000 0.000000 1.000000
0.986183 0.038992 0.161008 0.000000 -0.005836 0.979480 -0.201459 12.731600 -0.165559 0.197736 0.966173 0.000000 0.000000 0.000000 0.000000 1.000000
0.986182 0.039013 0.161003 0.000000 -0.005845 0.979464 -0.201534 12.731600 -0.165559 0.197808 0.966158 0.000000 0.000000 0.000000 0.000000 1.000000</float_array>
        <technique_common>
          <accessor source="#mixamorig_Spine1-Matrix-animation-output-transform-array" count="60" stride="16">
            <param type="float4x4"/>
          </accessor>
        </technique_common>
      </source>
      <source id="mixamorig_Spine1-Interpolations">
        <Name_array id="mixamorig_Spine1-Interpolations-array" count="60">
 LINEAR LINEAR LINEAR LINEAR LINEAR LINEAR LINEAR LINEAR LINEAR LINEAR LINEAR
LINEAR LINEAR LINEAR LINEAR LINEAR LINEAR LINEAR LINEAR LINEAR LINEAR LINEAR LINEAR
LINEAR LINEAR LINEAR LINEAR LINEAR LINEAR LINEAR LINEAR LINEAR LINEAR LINEAR LINEAR
LINEAR LINEAR LINEAR LINEAR LINEAR LINEAR LINEAR LINEAR LINEAR LINEAR LINEAR LINEAR
LINEAR LINEAR LINEAR LINEAR LINEAR LINEAR LINEAR LINEAR LINEAR LINEAR LINEAR LINEAR
LINEAR</Name_array>
        <technique_common>
          <accessor source="#mixamorig_Spine1-Interpolations-array" count="60">
            <param type="name"/>
          </accessor>
        </technique_common>
      </source>
      <sampler id="mixamorig_Spine1-Matrix-animation-transform">
        <input semantic="INPUT" source="#mixamorig_Spine1-Matrix-animation-input"/>
        <input semantic="OUTPUT" source="#mixamorig_Spine1-Matrix-animation-output-transform"/>
        <input semantic="INTERPOLATION" source="#mixamorig_Spine1-Interpolations"/>
      </sampler>
      <channel source="#mixamorig_Spine1-Matrix-animation-transform" target="mixamorig_Spine1/matrix"/>
    </animation>
    <animation id="mixamorig_Spine2-anim" name="mixamorig_Spine2">
      <source id="mixamorig_Spine2-Matrix-animation-input">
        <float_array id="mixamorig_Spine2-Matrix-animation-input-array" count="60">

0.000000 0.033333 0.066667 0.100000 0.133333 0.166667 0.200000 0.233333 0.266667 0.300000 0.333333 0.366667 0.400000 0.433333 0.466667 0.500000
0.533333 0.566667 0.600000 0.633333 0.666667 0.700000 0.733333 0.766667 0.800000 0.833333 0.866667 0.900000 0.933333 0.966667 1.000000 1.033333
1.066667 1.100000 1.133333 1.166667 1.200000 1.233333 1.266667 1.300000 1.333333 1.366667 1.400000 1.433333 1.466667 1.500000 1.533333 1.566667
1.600000 1.633333 1.666667 1.700000 1.733333 1.766667 1.800000 1.833333 1.866667 1.900000 1.933333 1.966667</float_array>
        <technique_common>
          <accessor source="#mixamorig_Spine2-Matrix-animation-input-array" count="60">
            <param name="TIME" type="float"/>
          </accessor>
        </technique_common>
      </source>
      <source id="mixamorig_Spine2-Matrix-animation-output-transform">
        <float_array id="mixamorig_Spine2-Matrix-animation-output-transform-array" count="960">

0.986184 0.039210 0.160946 0.000000 -0.006070 0.979485 -0.201427 14.550400 -0.165542 0.197667 0.966190 0.000000 0.000000 0.000000 0.000000 1.000000
0.986184 0.039180 0.160951 0.000000 -0.006057 0.979506 -0.201325 14.550400 -0.165541 0.197569 0.966210 0.000000 0.000000 0.000000 0.000000 1.000000
0.986185 0.039111 0.160963 -0.000000 -0.006022 0.979550 -0.201110 14.550400 -0.165537 0.197363 0.966253 0.000000 0.000000 0.000000 0.000000 1.000000
0.986204 0.038975 0.160881 0.000000 -0.005961 0.979619 -0.200779 14.550400 -0.165427 0.197050 0.966336 0.000000 0.000000 0.000000 0.000000 1.000000
0.986247 0.038769 0.160665 -0.000000 -0.005878 0.979712 -0.200326 14.550400 -0.165171 0.196626 0.966466 -0.000000 0.000000 0.000000 0.000000 1.000000
0.986341 0.038417 0.160176 0.000000 -0.005723 0.979827 -0.199764 14.550400 -0.164619 0.196119 0.966663 0.000000 0.000000 0.000000 0.000000 1.000000
0.986435 0.038063 0.159676 0.000000 -0.005579 0.979957 -0.199130 14.550400 -0.164055 0.195538 0.966877 0.000000 0.000000 0.000000 0.000000 1.000000
0.986492 0.037756 0.159400 -0.000000 -0.005453 0.980106 -0.198401 14.550400 -0.163720 0.194851 0.967072 0.000000 0.000000 0.000000 0.000000 1.000000
0.986508 0.037490 0.159364 0.000000 -0.005339 0.980276 -0.197559 14.550400 -0.163628 0.194042 0.967251 0.000000 0.000000 0.000000 0.000000 1.000000
0.986494 0.037253 0.159506 0.000000 -0.005240 0.980473 -0.196583 14.550400 -0.163714 0.193092 0.967426 -0.000000 0.000000 0.000000 0.000000 1.000000
0.986465 0.037024 0.159737 0.000000 -0.005140 0.980679 -0.195558 14.550400 -0.163891 0.192090 0.967596 -0.000000 0.000000 0.000000 0.000000 1.000000
0.986433 0.036783 0.159989 0.000000 -0.005014 0.980871 -0.194593 14.550400 -0.164086 0.191151 0.967748 0.000000 0.000000 0.000000 0.000000 1.000000
0.986418 0.036501 0.160150 0.000000 -0.004849 0.981043 -0.193729 14.550400 -0.164185 0.190321 0.967895 0.000000 0.000000 0.000000 0.000000 1.000000
0.986440 0.036160 0.160092 0.000000 -0.004658 0.981203 -0.192921 14.550400 -0.164059 0.189560 0.968066 0.000000 0.000000 0.000000 0.000000 1.000000
0.986502 0.035762 0.159797 -0.000000 -0.004459 0.981366 -0.192095 14.550400 -0.163689 0.188789 0.968279 0.000000 0.000000 0.000000 0.000000 1.000000
0.986563 0.035357 0.159507 -0.000000 -0.004265 0.981544 -0.191191 14.550400 -0.163323 0.187941 0.968506 0.000000 0.000000 0.000000 0.000000 1.000000
0.986587 0.034985 0.159443 0.000000 -0.004071 0.981732 -0.190225 14.550400 -0.163185 0.187024 0.968707 0.000000 0.000000 0.000000 0.000000 1.000000
0.986569 0.034694 0.159617 -0.000000 -0.003909 0.981919 -0.189261 14.550400 -0.163298 0.186095 0.968867 0.000000 0.000000 0.000000 0.000000 1.000000
0.986537 0.034461 0.159869 0.000000 -0.003782 0.982092 -0.188361 14.550400 -0.163497 0.185221 0.969001 0.000000 0.000000 0.000000 0.000000 1.000000
0.986519 0.034240 0.160028 -0.000000 -0.003662 0.982242 -0.187583 14.550400 -0.163609 0.184468 0.969125 0.000000 0.000000 0.000000 0.000000 1.000000
0.986527 0.034013 0.160027 0.000000 -0.003555 0.982376 -0.186880 14.550400 -0.163563 0.183793 0.969261 -0.000000 0.000000 0.000000 0.000000 1.000000
0.986550 0.033810 0.159925 0.000000 -0.003484 0.982502 -0.186217 14.550400 -0.163423 0.183155 0.969406 -0.000000 0.000000 0.000000 0.000000 1.000000
0.986570 0.033641 0.159834 0.000000 -0.003443 0.982625 -0.185569 14.550400 -0.163300 0.182526 0.969545 -0.000000 0.000000 0.000000 0.000000 1.000000
0.986578 0.033509 0.159817 -0.000000 -0.003415 0.982738 -0.184969 14.550400 -0.163257 0.181940 0.969662 0.000000 0.000000 0.000000 0.000000 1.000000
