<?xml version="1.0" encoding="utf-8"?>
<COLLADA xmlns="http://www.collada.org/2005/11/COLLADASchema" version="1.4.1">
  <asset>
    <contributor>
      <author>Mixamo</author>
      <authoring_tool>COLLADA Mixamo exporter</authoring_tool>
      <comments/>
    </contributor>
    <created>2025-01-03T22:40:07Z</created>
    <modified>2025-01-03T22:40:07Z</modified>
    <revision/>
    <title/>
    <unit meter="0.010000"/>
    <up_axis>Y_UP</up_axis>
  </asset>
  <library_animations>
    <animation id="mixamorig_Hips-anim" name="mixamorig_Hips">
      <source id="mixamorig_Hips-Matrix-animation-input">
        <float_array id="mixamorig_Hips-Matrix-animation-input-array" count="32">

0.000000 0.033333 0.066667 0.100000 0.133333 0.166667 0.200000 0.233333 0.266667 0.300000 0.333333 0.366667 0.400000 0.433333 0.466667 0.500000
0.533333 0.566667 0.600000 0.633333 0.666667 0.700000 0.733333 0.766667 0.800000 0.833333 0.866667 0.900000 0.933333 0.966667 1.000000 1.033333</float_array>
        <technique_common>
          <accessor source="#mixamorig_Hips-Matrix-animation-input-array" count="32">
            <param name="TIME" type="float"/>
          </accessor>
        </technique_common>
      </source>
      <source id="mixamorig_Hips-Matrix-animation-output-transform">
        <float_array id="mixamorig_Hips-Matrix-animation-output-transform-array" count="512">

0.729856 0.049904 -0.681777 -0.165303 0.004239 0.996982 0.077515 87.931381 0.683588 -0.059465 0.727441 0.235388 0.000000 0.000000 0.000000 1.000000
0.753981 0.047727 -0.655160 -0.043818 0.000174 0.997343 0.072854 88.179970 0.656896 -0.055045 0.751969 1.040404 0.000000 0.000000 0.000000 1.000000
0.772766 0.046677 -0.632973 0.132523 -0.007273 0.997878 0.064707 88.421677 0.634650 -0.045399 0.771465 1.943649 0.000000 0.000000 0.000000 1.000000
0.787376 0.046828 -0.614692 0.308334 -0.015923 0.998323 0.055657 88.620934 0.616267 -0.034035 0.786801 2.853806 0.000000 0.000000 0.000000 1.000000
0.799918 0.047330 -0.598240 0.394658 -0.023755 0.998601 0.047241 88.758194 0.599639 -0.023578 0.799923 3.652167 0.000000 0.000000 0.000000 1.000000
0.812478 0.046839 -0.581108 0.321086 -0.029700 0.998798 0.038980 88.870758 0.582235 -0.014412 0.812893 4.272575 0.000000 0.000000 0.000000 1.000000
0.826083 0.044450 -0.561793 0.079883 -0.033642 0.998996 0.029573 89.027847 0.562544 -0.005530 0.826749 4.728710 0.000000 0.000000 0.000000 1.000000
0.840969 0.040277 -0.539582 -0.308543 -0.035872 0.999182 0.018674 89.264771 0.539892 0.003652 0.841726 5.070996 0.000000 0.000000 0.000000 1.000000
0.857016 0.035132 -0.514091 -0.844650 -0.036765 0.999299 0.007001 89.531349 0.513977 0.012900 0.857707 5.331615 0.000000 0.000000 0.000000 1.000000
0.874029 0.030180 -0.484935 -1.549598 -0.036988 0.999306 -0.004474 89.729294 0.484463 0.021847 0.874539 5.511979 0.000000 0.000000 0.000000 1.000000
0.892171 0.026752 -0.450906 -2.429076 -0.037533 0.999183 -0.014982 89.794685 0.450136 0.030291 0.892446 5.599685 0.000000 0.000000 0.000000 1.000000
0.911861 0.025732 -0.409692 -3.451265 -0.038946 0.998954 -0.023941 89.741669 0.408647 0.037787 0.911910 5.594599 0.000000 0.000000 0.000000 1.000000
0.932745 0.026875 -0.359534 -4.553602 -0.040658 0.998697 -0.030826 89.633858 0.358237 0.043371 0.932623 5.518844 0.000000 0.000000 0.000000 1.000000
0.952994 0.029179 -0.301581 -5.677312 -0.041739 0.998505 -0.035288 89.533737 0.300100 0.046217 0.952787 5.400887 0.000000 0.000000 0.000000 1.000000
0.970231 0.031959 -0.240063 -6.817259 -0.042214 0.998397 -0.037698 89.474716 0.238473 0.046709 0.970025 5.245299 0.000000 0.000000 0.000000 1.000000
0.983142 0.035165 -0.179429 -8.011487 -0.042921 0.998296 -0.039530 89.464310 0.177733 0.046565 0.982976 5.009381 0.000000 0.000000 0.000000 1.000000
0.991868 0.038599 -0.121280 -9.278192 -0.044053 0.998120 -0.042620 89.518486 0.119407 0.047616 0.991703 4.661021 0.000000 0.000000 0.000000 1.000000
0.997080 0.041156 -0.064323 -10.547577 -0.044265 0.997882 -0.047675 89.653503 0.062225 0.050383 0.996790 4.206499 0.000000 0.000000 0.000000 1.000000
0.999126 0.041252 -0.006807 -11.678400 -0.041558 0.997702 -0.053518 89.859352 0.004584 0.053754 0.998544 3.673693 0.000000 0.000000 0.000000 1.000000
0.997919 0.038260 0.051895 -12.510310 -0.035252 0.997712 -0.057683 90.098335 -0.053983 0.055734 0.996985 3.130848 0.000000 0.000000 0.000000 1.000000
0.993168 0.033311 0.111838 -12.942638 -0.026960 0.997962 -0.057828 90.320137 -0.113536 0.054418 0.992042 2.654839 0.000000 0.000000 0.000000 1.000000
0.984497 0.028311 0.173100 -12.972727 -0.019418 0.998413 -0.052854 90.473053 -0.174322 0.048674 0.983485 2.297643 0.000000 0.000000 0.000000 1.000000
0.971639 0.023932 0.235253 -12.640673 -0.014190 0.998974 -0.043017 90.514053 -0.236041 0.038459 0.970982 2.076411 0.000000 0.000000 0.000000 1.000000
0.954625 0.018969 0.297207 -11.985239 -0.010745 0.999513 -0.029280 90.430412 -0.297618 0.024758 0.954364 1.962945 0.000000 0.000000 0.000000 1.000000
0.933593 0.011853 0.358140 -11.051395 -0.007809 0.999888 -0.012735 90.243637 -0.358251 0.009093 0.933581 1.900624 0.000000 0.000000 0.000000 1.000000
0.908474 0.002112 0.417936 -9.883270 -0.004863 0.999973 0.005516 89.983597 -0.417913 -0.007044 0.908460 1.834545 0.000000 0.000000 0.000000 1.000000
0.879218 -0.009737 0.476321 -8.514146 -0.002121 0.999701 0.024350 89.667809 -0.476416 -0.022419 0.878934 1.726714 0.000000 0.000000 0.000000 1.000000
0.846248 -0.022843 0.532299 -6.970322 0.000154 0.999091 0.042630 89.306953 -0.532789 -0.035994 0.845482 1.555237 0.000000 0.000000 0.000000 1.000000
0.810229 -0.036141 0.584998 -5.280462 0.001892 0.998253 0.059051 88.920212 -0.586110 -0.046739 0.808882 1.308813 0.000000 0.000000 0.000000 1.000000
0.771338 -0.048233 0.634595 -3.486164 0.003067 0.997394 0.072080 88.541183 -0.636418 -0.053652 0.769476 0.987050 0.000000 0.000000 0.000000 1.000000
0.729218 -0.057909 0.681827 -1.630738 0.003727 0.996734 0.080669 88.205826 -0.684271 -0.056284 0.727052 0.598575 0.000000 0.000000 0.000000 1.000000
0.683585 -0.064360 0.727028 0.245619 0.003973 0.996418 0.084472 87.936897 -0.729860 -0.054856 0.681392 0.182734 0.000000 0.000000 0.000000 1.000000</float_array>
        <technique_common>
          <accessor source="#mixamorig_Hips-Matrix-animation-output-transform-array" count="32" stride="16">
            <param type="float4x4"/>
          </accessor>
        </technique_common>
      </source>
      <source id="mixamorig_Hips-Interpolations">
        <Name_array id="mixamorig_Hips-Interpolations-array" count="32">
 LINEAR LINEAR LINEAR LINEAR LINEAR LINEAR LINEAR LINEAR LINEAR LINEAR LINEAR
LINEAR LINEAR LINEAR LINEAR LINEAR LINEAR LINEAR LINEAR LINEAR LINEAR LINEAR LINEAR
LINEAR LINEAR LINEAR LINEAR LINEAR LINEAR LINEAR LINEAR LINEAR</Name_array>
        <technique_common>
          <accessor source="#mixamorig_Hips-Interpolations-array" count="32">
            <param type="name"/>
          </accessor>
        </technique_common>
      </source>
      <sampler id="mixamorig_Hips-Matrix-animation-transform">
        <input semantic="INPUT" source="#mixamorig_Hips-Matrix-animation-input"/>
        <input semantic="OUTPUT" source="#mixamorig_Hips-Matrix-animation-output-transform"/>
        <input semantic="INTERPOLATION" source="#mixamorig_Hips-Interpolations"/>
      </sampler>
      <channel source="#mixamorig_Hips-Matrix-animation-transform" target="mixamorig_Hips/matrix"/>
    </animation>
    <animation id="mixamorig_Spine-anim" name="mixamorig_Spine">
      <source id="mixamorig_Spine-Matrix-animation-input">
        <float_array id="mixamorig_Spine-Matrix-animation-input-array" count="32">

0.000000 0.033333 0.066667 0.100000 0.133333 0.166667 0.200000 0.233333 0.266667 0.300000 0.333333 0.366667 0.400000 0.433333 0.466667 0.500000
0.533333 0.566667 0.600000 0.633333 0.666667 0.700000 0.733333 0.766667 0.800000 0.833333 0.866667 0.900000 0.933333 0.966667 1.000000 1.033333</float_array>
        <technique_common>
          <accessor source="#mixamorig_Spine-Matrix-animation-input-array" count="32">
            <param name="TIME" type="float"/>
          </accessor>
        </technique_common>
      </source>
      <source id="mixamorig_Spine-Matrix-animation-output-transform">
        <float_array id="mixamorig_Spine-Matrix-animation-output-transform-array" count="512">

0.996530 0.016266 0.081628 -0.000000 -0.015144 0.999782 -0.014344 10.871300 -0.081843 0.013058 0.996560 -0.951400 0.000000 0.000000 0.000000 1.000000
0.996488 0.016561 0.082086 -0.000000 -0.015444 0.999780 -0.014218 10.871300 -0.082304 0.012900 0.996524 -0.951400 0.000000 0.000000 0.000000 1.000000
0.996454 0.015890 0.082630 0.000000 -0.014829 0.999800 -0.013434 10.871300 -0.082827 0.012161 0.996490 -0.951400 0.000000 0.000000 0.000000 1.000000
0.996432 0.014534 0.083142 0.000000 -0.013535 0.999829 -0.012563 10.871300 -0.083310 0.011393 0.996459 -0.951400 0.000000 0.000000 0.000000 1.000000
0.996429 0.013071 0.083420 -0.000000 -0.012104 0.999854 -0.012086 10.871300 -0.083566 0.011033 0.996441 -0.951400 0.000000 0.000000 0.000000 1.000000
0.996449 0.012007 0.083340 0.000000 -0.011037 0.999866 -0.012092 10.871300 -0.083474 0.011130 0.996448 -0.951400 0.000000 0.000000 0.000000 1.000000
0.996485 0.011499 0.082980 0.000000 -0.010505 0.999868 -0.012412 10.871300 -0.083111 0.011497 0.996474 -0.951400 0.000000 0.000000 0.000000 1.000000
0.996527 0.011413 0.082485 -0.000000 -0.010379 0.999862 -0.012950 10.871300 -0.082622 0.012049 0.996508 -0.951400 0.000000 0.000000 0.000000 1.000000
0.996571 0.011653 0.081916 0.000000 -0.010561 0.999850 -0.013751 10.871300 -0.082064 0.012839 0.996544 -0.951400 0.000000 0.000000 0.000000 1.000000
0.996622 0.012194 0.081216 -0.000000 -0.011023 0.999829 -0.014852 10.871300 -0.081384 0.013907 0.996586 -0.951400 0.000000 0.000000 0.000000 1.000000
0.996692 0.012895 0.080248 0.000000 -0.011632 0.999801 -0.016187 10.871300 -0.080441 0.015200 0.996644 -0.951400 0.000000 0.000000 0.000000 1.000000
0.996788 0.013490 0.078937 0.000000 -0.012139 0.999772 -0.017571 10.871300 -0.079156 0.016556 0.996725 -0.951400 0.000000 0.000000 0.000000 1.000000
0.996892 0.013877 0.077547 -0.000000 -0.012458 0.999746 -0.018757 10.871300 -0.077787 0.017732 0.996812 -0.951400 0.000000 0.000000 0.000000 1.000000
0.996953 0.014172 0.076700 0.000000 -0.012707 0.999728 -0.019555 10.871300 -0.076956 0.018520 0.996862 -0.951400 0.000000 0.000000 0.000000 1.000000
0.996931 0.014425 0.076946 0.000000 -0.012928 0.999718 -0.019920 10.871300 -0.077211 0.018864 0.996836 -0.951400 0.000000 0.000000 0.000000 1.000000
0.996828 0.014518 0.078257 -0.000000 -0.012995 0.999717 -0.019932 10.871300 -0.078524 0.018852 0.996734 -0.951400 0.000000 0.000000 0.000000 1.000000
0.996687 0.014408 0.080043 0.000000 -0.012866 0.999722 -0.019755 10.871300 -0.080305 0.018660 0.996596 -0.951400 0.000000 0.000000 0.000000 1.000000
0.996560 0.014418 0.081610 0.000000 -0.012857 0.999725 -0.019620 10.871300 -0.081871 0.018503 0.996471 -0.951400 0.000000 0.000000 0.000000 1.000000
0.996473 0.015030 0.082556 0.000000 -0.013440 0.999714 -0.019787 10.871300 -0.082830 0.018608 0.996390 -0.951400 0.000000 0.000000 0.000000 1.000000
0.996431 0.016257 0.082830 0.000000 -0.014619 0.999686 -0.020350 10.871300 -0.083135 0.019066 0.996356 -0.951400 0.000000 0.000000 0.000000 1.000000
0.996431 0.017531 0.082565 0.000000 -0.015841 0.999652 -0.021077 10.871300 -0.082906 0.019694 0.996363 -0.951400 0.000000 0.000000 0.000000 1.000000
0.996465 0.018281 0.081994 0.000000 -0.016562 0.999630 -0.021591 10.871300 -0.082358 0.020157 0.996399 -0.951400 0.000000 0.000000 0.000000 1.000000
0.996509 0.018482 0.081411 0.000000 -0.016764 0.999623 -0.021735 10.871300 -0.081782 0.020294 0.996444 -0.951400 0.000000 0.000000 0.000000 1.000000
0.996539 0.018484 0.081051 0.000000 -0.016780 0.999625 -0.021661 10.871300 -0.081421 0.020226 0.996475 -0.951400 0.000000 0.000000 0.000000 1.000000
0.996543 0.018413 0.081010 0.000000 -0.016718 0.999628 -0.021546 10.871300 -0.081377 0.020117 0.996480 -0.951400 0.000000 0.000000 0.000000 1.000000
0.996528 0.018009 0.081292 0.000000 -0.016325 0.999639 -0.021343 10.871300 -0.081647 0.019942 0.996462 -0.951400 0.000000 0.000000 0.000000 1.000000
0.996500 0.017118 0.081825 0.000000 -0.015457 0.999662 -0.020890 10.871300 -0.082155 0.019552 0.996428 -0.951400 0.000000 0.000000 0.000000 1.000000
0.996470 0.016072 0.082399 0.000000 -0.014461 0.999693 -0.020112 10.871300 -0.082697 0.018849 0.996396 -0.951400 0.000000 0.000000 0.000000 1.000000
0.996454 0.015417 0.082720 -0.000000 -0.013889 0.999723 -0.019020 10.871300 -0.082990 0.017804 0.996391 -0.951400 0.000000 0.000000 0.000000 1.000000
0.996463 0.015351 0.082622 0.000000 -0.013940 0.999747 -0.017629 10.871300 -0.082872 0.016415 0.996425 -0.951400 0.000000 0.000000 0.000000 1.000000
0.996493 0.015706 0.082188 0.000000 -0.014437 0.999768 -0.016012 10.871300 -0.082421 0.014770 0.996488 -0.951400 0.000000 0.000000 0.000000 1.000000
0.996531 0.016233 0.081624 0.000000 -0.015112 0.999783 -0.014341 10.871300 -0.081839 0.013058 0.996560 -0.951400 0.000000 0.000000 0.000000 1.000000</float_array>
        <technique_common>
          <accessor source="#mixamorig_Spine-Matrix-animation-output-transform-array" count="32" stride="16">
            <param type="float4x4"/>
          </accessor>
        </technique_common>
      </source>
      <source id="mixamorig_Spine-Interpolations">
        <Name_array id="mixamorig_Spine-Interpolations-array" count="32">
 LINEAR LINEAR LINEAR LINEAR LINEAR LINEAR LINEAR LINEAR LINEAR LINEAR LINEAR
LINEAR LINEAR LINEAR LINEAR LINEAR LINEAR LINEAR LINEAR LINEAR LINEAR LINEAR LINEAR
LINEAR LINEAR LINEAR LINEAR LINEAR LINEAR LINEAR LINEAR LINEAR</Name_array>
        <technique_common>
          <accessor source="#mixamorig_Spine-Interpolations-array" count="32">
            <param type="name"/>
          </accessor>
        </technique_common>
      </source>
      <sampler id="mixamorig_Spine-Matrix-animation-transform">
        <input semantic="INPUT" source="#mixamorig_Spine-Matrix-animation-input"/>
        <input semantic="OUTPUT" source="#mixamorig_Spine-Matrix-animation-output-transform"/>
        <input semantic="INTERPOLATION" source="#mixamorig_Spine-Interpolations"/>
      </sampler>
      <channel source="#mixamorig_Spine-Matrix-animation-transform" target="mixamorig_Spine/matrix"/>
    </animation>
    <animation id="mixamorig_Spine1-anim" name="mixamorig_Spine1">
      <source id="mixamorig_Spine1-Matrix-animation-input">
        <float_array id="mixamorig_Spine1-Matrix-animation-input-array" count="32">

0.000000 0.033333 0.066667 0.100000 0.133333 0.166667 0.200000 0.233333 0.266667 0.300000 0.333333 0.366667 0.400000 0.433333 0.466667 0.500000
0.533333 0.566667 0.600000 0.633333 0.666667 0.700000 0.733333 0.766667 0.800000 0.833333 0.866667 0.900000 0.933333 0.966667 1.000000 1.033333</float_array>
        <technique_common>
          <accessor source="#mixamorig_Spine1-Matrix-animation-input-array" count="32">
            <param name="TIME" type="float"/>
          </accessor>
        </technique_common>
      </source>
      <source id="mixamorig_Spine1-Matrix-animation-output-transform">
        <float_array id="mixamorig_Spine1-Matrix-animation-output-transform-array" count="512">

0.986155 0.039234 0.161117 -0.000000 -0.006056 0.979481 -0.201445 12.731600 -0.165715 0.197681 0.966158 0.000000 0.000000 0.000000 0.000000 1.000000
0.985990 0.039850 0.161976 0.000000 -0.006534 0.979526 -0.201212 12.731600 -0.166678 0.197335 0.966063 0.000000 0.000000 0.000000 0.000000 1.000000
0.985855 0.038468 0.163125 0.000000 -0.005205 0.979861 -0.199611 12.731600 -0.167519 0.195939 0.966202 0.000000 0.000000 0.000000 0.000000 1.000000
0.985762 0.035757 0.164301 -0.000000 -0.002591 0.980241 -0.197788 12.731600 -0.168127 0.194546 0.966377 0.000000 0.000000 0.000000 0.000000 1.000000
0.985730 0.033078 0.165054 0.000000 0.000045 0.980452 -0.196756 12.731600 -0.168335 0.193956 0.966460 -0.000000 0.000000 0.000000 0.000000 1.000000
0.985775 0.031579 0.165080 0.000000 0.001541 0.980451 -0.196759 12.731600 -0.168066 0.194215 0.966455 0.000000 0.000000 0.000000 0.000000 1.000000
0.985890 0.031310 0.164439 -0.000000 0.001799 0.980313 -0.197443 12.731600 -0.167383 0.194953 0.966424 0.000000 0.000000 0.000000 0.000000 1.000000
0.986057 0.031660 0.163371 0.000000 0.001430 0.980086 -0.198566 12.731600 -0.166404 0.196031 0.966375 0.000000 0.000000 0.000000 0.000000 1.000000
0.986255 0.032279 0.162045 0.000000 0.000825 0.979758 -0.200182 12.731600 -0.165227 0.197565 0.966265 -0.000000 0.000000 0.000000 0.000000 1.000000
0.986486 0.033164 0.160453 -0.000000 -0.000007 0.979310 -0.202367 12.731600 -0.163844 0.199632 0.966076 -0.000000 0.000000 0.000000 0.000000 1.000000
0.986786 0.034142 0.158393 0.000000 -0.000959 0.978762 -0.204998 12.731600 -0.162028 0.202138 0.965861 0.000000 0.000000 0.000000 0.000000 1.000000
0.987181 0.034888 0.155742 0.000000 -0.001798 0.978186 -0.207724 12.731600 -0.159592 0.204781 0.965710 0.000000 0.000000 0.000000 0.000000 1.000000
0.987597 0.035449 0.152955 -0.000000 -0.002557 0.977681 -0.210079 12.731600 -0.156988 0.207082 0.965646 0.000000 0.000000 0.000000 0.000000 1.000000
0.987843 0.036206 0.151182 0.000000 -0.003422 0.977329 -0.211699 12.731600 -0.155419 0.208608 0.965571 0.000000 0.000000 0.000000 0.000000 1.000000
0.987755 0.037202 0.151510 0.000000 -0.004211 0.977157 -0.212475 12.731600 -0.155954 0.209235 0.965349 -0.000000 0.000000 0.000000 0.000000 1.000000
0.987346 0.037955 0.153972 0.000000 -0.004419 0.977145 -0.212530 12.731600 -0.158520 0.209160 0.964947 0.000000 0.000000 0.000000 0.000000 1.000000
0.986789 0.038183 0.157444 -0.000000 -0.003962 0.977225 -0.212168 12.731600 -0.161960 0.208741 0.964467 0.000000 0.000000 0.000000 0.000000 1.000000
0.986283 0.038433 0.160526 0.000000 -0.003598 0.977289 -0.211879 12.731600 -0.165023 0.208395 0.964022 -0.000000 0.000000 0.000000 0.000000 1.000000
0.985932 0.039599 0.162389 -0.000000 -0.004297 0.977215 -0.212210 12.731600 -0.167092 0.208527 0.963637 -0.000000 0.000000 0.000000 0.000000 1.000000
0.985755 0.041785 0.162913 0.000000 -0.006151 0.976955 -0.213355 12.731600 -0.168074 0.209314 0.963296 -0.000000 0.000000 0.000000 0.000000 1.000000
0.985746 0.043987 0.162388 0.000000 -0.008189 0.976617 -0.214832 12.731600 -0.168041 0.210440 0.963056 -0.000000 0.000000 0.000000 0.000000 1.000000
0.985870 0.045172 0.161306 -0.000000 -0.009417 0.976377 -0.215868 12.731600 -0.167247 0.211299 0.963006 0.000000 0.000000 0.000000 0.000000 1.000000
0.986038 0.045351 0.160228 0.000000 -0.009779 0.976310 -0.216154 12.731600 -0.166235 0.211569 0.963122 0.000000 0.000000 0.000000 0.000000 1.000000
0.986148 0.045211 0.159587 -0.000000 -0.009806 0.976343 -0.216006 12.731600 -0.165577 0.211449 0.963262 0.000000 0.000000 0.000000 0.000000 1.000000
0.986162 0.044948 0.159573 0.000000 -0.009590 0.976399 -0.215762 12.731600 -0.165505 0.211246 0.963319 0.000000 0.000000 0.000000 0.000000 1.000000
0.986098 0.044036 0.160221 0.000000 -0.008624 0.976507 -0.215313 12.731600 -0.165938 0.210938 0.963312 0.000000 0.000000 0.000000 0.000000 1.000000
0.985987 0.042187 0.161399 0.000000 -0.006706 0.976737 -0.214335 12.731600 -0.166687 0.210249 0.963333 -0.000000 0.000000 0.000000 0.000000 1.000000
0.985869 0.040048 0.162662 -0.000000 -0.004596 0.977103 -0.212716 12.731600 -0.167457 0.208962 0.963480 0.000000 0.000000 0.000000 0.000000 1.000000
0.985807 0.038633 0.163375 -0.000000 -0.003421 0.977583 -0.210524 12.731600 -0.167845 0.206977 0.963840 0.000000 0.000000 0.000000 0.000000 1.000000
0.985851 0.038317 0.163187 -0.000000 -0.003620 0.978163 -0.207807 12.731600 -0.167586 0.204276 0.964462 0.000000 0.000000 0.000000 0.000000 1.000000
0.985984 0.038702 0.162291 -0.000000 -0.004731 0.978817 -0.204683 12.731600 -0.166775 0.201046 0.965281 0.000000 0.000000 0.000000 0.000000 1.000000
0.986155 0.039234 0.161117 -0.000000 -0.006056 0.979481 -0.201445 12.731600 -0.165715 0.197680 0.966158 0.000000 0.000000 0.000000 0.000000 1.000000</float_array>
        <technique_common>
          <accessor source="#mixamorig_Spine1-Matrix-animation-output-transform-array" count="32" stride="16">
            <param type="float4x4"/>
          </accessor>
        </technique_common>
      </source>
      <source id="mixamorig_Spine1-Interpolations">
        <Name_array id="mixamorig_Spine1-Interpolations-array" count="32">
 LINEAR LINEAR LINEAR LINEAR LINEAR LINEAR LINEAR LINEAR LINEAR LINEAR LINEAR
LINEAR LINEAR LINEAR LINEAR LINEAR LINEAR LINEAR LINEAR LINEAR LINEAR LINEAR LINEAR
LINEAR LINEAR LINEAR LINEAR LINEAR LINEAR LINEAR LINEAR LINEAR</Name_array>
        <technique_common>
          <accessor source="#mixamorig_Spine1-Interpolations-array" count="32">
            <param type="name"/>
          </accessor>
        </technique_common>
      </source>
      <sampler id="mixamorig_Spine1-Matrix-animation-transform">
        <input semantic="INPUT" source="#mixamorig_Spine1-Matrix-animation-input"/>
        <input semantic="OUTPUT" source="#mixamorig_Spine1-Matrix-animation-output-transform"/>
        <input semantic="INTERPOLATION" source="#mixamorig_Spine1-Interpolations"/>
      </sampler>
      <channel source="#mixamorig_Spine1-Matrix-animation-transform" target="mixamorig_Spine1/matrix"/>
    </animation>
    <animation id="mixamorig_Spine2-anim" name="mixamorig_Spine2">
      <source id="mixamorig_Spine2-Matrix-animation-input">
        <float_array id="mixamorig_Spine2-Matrix-animation-input-array" count="32">

0.000000 0.033333 0.066667 0.100000 0.133333 0.166667 0.200000 0.233333 0.266667 0.300000 0.333333 0.366667 0.400000 0.433333 0.466667 0.500000
0.533333 0.566667 0.600000 0.633333 0.666667 0.700000 0.733333 0.766667 0.800000 0.833333 0.866667 0.900000 0.933333 0.966667 1.000000 1.033333</float_array>
        <technique_common>
          <accessor source="#mixamorig_Spine2-Matrix-animation-input-array" count="32">
            <param name="TIME" type="float"/>
          </accessor>
        </technique_common>
      </source>
      <source id="mixamorig_Spine2-Matrix-animation-output-transform">
        <float_array id="mixamorig_Spine2-Matrix-animation-output-transform-array" count="512">

0.986155 0.039234 0.161117 0.000000 -0.006056 0.979481 -0.201445 14.550400 -0.165715 0.197681 0.966158 0.000000 0.000000 0.000000 0.000000 1.000000
0.985990 0.039850 0.161976 -0.000000 -0.006534 0.979526 -0.201212 14.550400 -0.166678 0.197335 0.966063 -0.000000 0.000000 0.000000 0.000000 1.000000
0.985855 0.038468 0.163125 0.000000 -0.005205 0.979861 -0.199612 14.550400 -0.167519 0.195939 0.966202 0.000000 0.000000 0.000000 0.000000 1.000000
0.985762 0.035757 0.164301 -0.000000 -0.002591 0.980241 -0.197788 14.550400 -0.168127 0.194546 0.966377 0.000000 0.000000 0.000000 0.000000 1.000000
0.985730 0.033078 0.165054 0.000000 0.000045 0.980452 -0.196756 14.550400 -0.168335 0.193956 0.966460 0.000000 0.000000 0.000000 0.000000 1.000000
0.985775 0.031579 0.165080 0.000000 0.001541 0.980451 -0.196759 14.550400 -0.168066 0.194215 0.966455 0.000000 0.000000 0.000000 0.000000 1.000000
0.985890 0.031310 0.164439 0.000000 0.001799 0.980313 -0.197443 14.550400 -0.167384 0.194953 0.966424 0.000000 0.000000 0.000000 0.000000 1.000000
0.986057 0.031660 0.163371 0.000000 0.001430 0.980086 -0.198566 14.550400 -0.166404 0.196031 0.966376 0.000000 0.000000 0.000000 0.000000 1.000000
0.986255 0.032279 0.162045 0.000000 0.000825 0.979758 -0.200182 14.550400 -0.165227 0.197564 0.966265 0.000000 0.000000 0.000000 0.000000 1.000000
0.986486 0.033164 0.160453 0.000000 -0.000007 0.979310 -0.202368 14.550400 -0.163844 0.199632 0.966076 0.000000 0.000000 0.000000 0.000000 1.000000
0.986786 0.034142 0.158393 0.000000 -0.000959 0.978762 -0.204998 14.550400 -0.162028 0.202137 0.965861 -0.000000 0.000000 0.000000 0.000000 1.000000
0.987181 0.034888 0.155742 -0.000000 -0.001798 0.978186 -0.207724 14.550400 -0.159592 0.204781 0.965710 -0.000000 0.000000 0.000000 0.000000 1.000000
0.987597 0.035449 0.152955 0.000000 -0.002557 0.977681 -0.210079 14.550400 -0.156988 0.207082 0.965646 0.000000 0.000000 0.000000 0.000000 1.000000
0.987843 0.036206 0.151182 0.000000 -0.003422 0.977329 -0.211699 14.550400 -0.155419 0.208608 0.965571 0.000000 0.000000 0.000000 0.000000 1.000000
0.987755 0.037202 0.151511 0.000000 -0.004211 0.977157 -0.212475 14.550400 -0.155954 0.209235 0.965349 0.000000 0.000000 0.000000 0.000000 1.000000
0.987346 0.037954 0.153972 -0.000000 -0.004419 0.977145 -0.212530 14.550400 -0.158520 0.209160 0.964947 0.000000 0.000000 0.000000 0.000000 1.000000
0.986789 0.038183 0.157444 -0.000000 -0.003961 0.977225 -0.212168 14.550400 -0.161960 0.208741 0.964467 0.000000 0.000000 0.000000 0.000000 1.000000
0.986283 0.038433 0.160526 -0.000000 -0.003598 0.977289 -0.211879 14.550400 -0.165023 0.208395 0.964022 -0.000000 0.000000 0.000000 0.000000 1.000000
0.985932 0.039599 0.162389 0.000000 -0.004297 0.977215 -0.212211 14.550400 -0.167092 0.208527 0.963637 -0.000000 0.000000 0.000000 0.000000 1.000000
0.985755 0.041785 0.162913 -0.000000 -0.006152 0.976955 -0.213356 14.550400 -0.168074 0.209314 0.963296 0.000000 0.000000 0.000000 0.000000 1.000000
0.985746 0.043987 0.162389 0.000000 -0.008189 0.976617 -0.214833 14.550400 -0.168041 0.210440 0.963056 0.000000 0.000000 0.000000 0.000000 1.000000
0.985870 0.045172 0.161306 -0.000000 -0.009417 0.976377 -0.215868 14.550400 -0.167247 0.211299 0.963006 -0.000000 0.000000 0.000000 0.000000 1.000000
0.986038 0.045351 0.160229 0.000000 -0.009779 0.976310 -0.216154 14.550400 -0.166236 0.211569 0.963122 -0.000000 0.000000 0.000000 0.000000 1.000000
0.986148 0.045211 0.159587 0.000000 -0.009806 0.976343 -0.216006 14.550400 -0.165578 0.211449 0.963262 0.000000 0.000000 0.000000 0.000000 1.000000
0.986162 0.044948 0.159573 0.000000 -0.009590 0.976399 -0.215762 14.550400 -0.165505 0.211246 0.963319 0.000000 0.000000 0.000000 0.000000 1.000000
0.986099 0.044036 0.160220 -0.000000 -0.008624 0.976507 -0.215313 14.550400 -0.165937 0.210938 0.963312 0.000000 0.000000 0.000000 0.000000 1.000000
0.985987 0.042187 0.161399 0.000000 -0.006706 0.976737 -0.214335 14.550400 -0.166687 0.210249 0.963333 0.000000 0.000000 0.000000 0.000000 1.000000
0.985869 0.040048 0.162662 0.000000 -0.004595 0.977103 -0.212716 14.550400 -0.167457 0.208962 0.963480 0.000000 0.000000 0.000000 0.000000 1.000000
0.985807 0.038633 0.163374 0.000000 -0.003421 0.977583 -0.210524 14.550400 -0.167845 0.206977 0.963841 0.000000 0.000000 0.000000 0.000000 1.000000
0.985851 0.038317 0.163187 0.000000 -0.003620 0.978163 -0.207807 14.550400 -0.167586 0.204276 0.964462 0.000000 0.000000 0.000000 0.000000 1.000000
0.985984 0.038702 0.162291 0.000000 -0.004731 0.978817 -0.204683 14.550400 -0.166775 0.201046 0.965281 0.000000 0.000000 0.000000 0.000000 1.000000
0.986155 0.039234 0.161117 -0.000000 -0.006056 0.979481 -0.201445 14.550400 -0.165714 0.197680 0.966158 0.000000 0.000000 0.000000 0.000000 1.000000</float_array>
        <technique_common>
          <accessor source="#mixamorig_Spine2-Matrix-animation-output-transform-array" count="32" stride="16">
            <param type="float4x4"/>
          </accessor>
        </technique_common>
      </source>
      <source id="mixamorig_Spine2-Interpolations">
        <Name_array id="mixamorig_Spine2-Interpolations-array" count="32">
 LINEAR LINEAR LINEAR LINEAR LINEAR LINEAR LINEAR LINEAR LINEAR LINEAR LINEAR
LINEAR LINEAR LINEAR LINEAR LINEAR LINEAR LINEAR LINEAR LINEAR LINEAR LINEAR LINEAR
LINEAR LINEAR LINEAR LINEAR LINEAR LINEAR LINEAR LINEAR LINEAR</Name_array>
        <technique_common>
          <accessor source="#mixamorig_Spine2-Interpolations-array" count="32">
            <param type="name"/>
          </accessor>
        </technique_common>
      </source>
      <sampler id="mixamorig_Spine2-Matrix-animation-transform">
        <input semantic="INPUT" source="#mixamorig_Spine2-Matrix-animation-input"/>
        <input semantic="OUTPUT" source="#mixamorig_Spine2-Matrix-animation-output-transform"/>
        <input semantic="INTERPOLATION" source="#mixamorig_Spine2-Interpolations"/>
      </sampler>
      <channel source="#mixamorig_Spine2-Matrix-animation-transform" target="mixamorig_Spine2/matrix"/>
    </animation>
    <animation id="mixamorig_Neck-anim" name="mixamorig_Neck">
      <source id="mixamorig_Neck-Matrix-animation-input">
        <float_array id="mixamorig_Neck-Matrix-animation-input-array" count="32">

0.000000 0.033333 0.066667 0.100000 0.133333 0.166667 0.200000 0.233333 0.266667 0.300000 0.333333 0.366667 0.400000 0.433333 0.466667 0.500000
0.533333 0.566667 0.600000 0.633333 0.666667 0.700000 0.733333 0.766667 0.800000 0.833333 0.866667 0.900000 0.933333 0.966667 1.000000 1.033333</float_array>
        <technique_common>
          <accessor source="#mixamorig_Neck-Matrix-animation-input-array" count="32">
            <param name="TIME" type="float"/>
          </accessor>
        </technique_common>
      </source>
      <source id="mixamorig_Neck-Matrix-animation-output-transform">
        <float_array id="mixamorig_Neck-Matrix-animation-output-transform-array" count="512">

0.999747 -0.003600 -0.022215 0.000000 0.003330 0.999920 -0.012190 16.369200 0.022257 0.012113 0.999679 0.000000 0.000000 0.000000 0.000000 1.000000
0.999358 -0.025601 -0.025073 0.000000 0.025372 0.999634 -0.009433 16.369200 0.025306 0.008791 0.999641 0.000000 0.000000 0.000000 0.000000 1.000000
0.999187 -0.039738 -0.006845 0.000000 0.039717 0.999206 -0.003271 16.369200 0.006969 0.002997 0.999971 0.000000 0.000000 0.000000 0.000000 1.000000
0.998329 -0.049278 0.030170 -0.000000 0.049175 0.998782 0.004154 16.369200 -0.030338 -0.002664 0.999536 -0.000000 0.000000 0.000000 0.000000 1.000000
0.994966 -0.059218 0.080842 0.000000 0.058557 0.998229 0.010520 16.369200 -0.081322 -0.005733 0.996671 -0.000000 0.000000 0.000000 0.000000 1.000000
0.987559 -0.072413 0.139583 0.000000 0.070769 0.997353 0.016712 16.369200 -0.140423 -0.006626 0.990069 0.000000 0.000000 0.000000 0.000000 1.000000
0.975419 -0.087118 0.202408 0.000000 0.083630 0.996164 0.025738 16.369200 -0.203874 -0.008178 0.978963 0.000000 0.000000 0.000000 0.000000 1.000000
0.959041 -0.099602 0.265179 0.000000 0.092834 0.994957 0.037966 16.369200 -0.267624 -0.011793 0.963451 0.000000 0.000000 0.000000 0.000000 1.000000
0.940346 -0.107882 0.322663 0.000000 0.096882 0.994039 0.050011 16.369200 -0.326135 -0.015768 0.945192 0.000000 0.000000 0.000000 0.000000 1.000000
0.922326 -0.112718 0.369608 0.000000 0.097895 0.993465 0.058684 16.369200 -0.373807 -0.017943 0.927333 0.000000 0.000000 0.000000 0.000000 1.000000
0.908002 -0.116165 0.402541 -0.000000 0.098699 0.993061 0.063944 16.369200 -0.407175 -0.018331 0.913166 -0.000000 0.000000 0.000000 0.000000 1.000000
0.899306 -0.119786 0.420594 0.000000 0.100819 0.992637 0.067137 16.369200 -0.425539 -0.017973 0.904761 0.000000 0.000000 0.000000 0.000000 1.000000
0.896881 -0.123558 0.424663 0.000000 0.104781 0.992209 0.067394 16.369200 -0.429682 -0.015948 0.902840 0.000000 0.000000 0.000000 0.000000 1.000000
0.900285 -0.125635 0.416777 0.000000 0.110268 0.992037 0.060852 16.369200 -0.421103 -0.008827 0.906970 0.000000 0.000000 0.000000 0.000000 1.000000
0.907932 -0.123247 0.400587 0.000000 0.115084 0.992359 0.044477 16.369200 -0.403008 0.005719 0.915178 0.000000 0.000000 0.000000 0.000000 1.000000
0.917633 -0.114679 0.380525 0.000000 0.115242 0.993107 0.021387 16.369200 -0.380355 0.024227 0.924523 0.000000 0.000000 0.000000 0.000000 1.000000
0.927710 -0.101146 0.359337 0.000000 0.107880 0.994163 0.001319 16.369200 -0.357373 0.037541 0.933207 0.000000 0.000000 0.000000 0.000000 1.000000
0.937374 -0.086383 0.337444 0.000000 0.094087 0.995543 -0.006510 16.369200 -0.335377 0.037851 0.941323 0.000000 0.000000 0.000000 0.000000 1.000000
0.946318 -0.073281 0.314821 0.000000 0.077910 0.996958 -0.002127 16.369200 -0.313708 0.026540 0.949149 0.000000 0.000000 0.000000 0.000000 1.000000
0.954351 -0.061588 0.292268 0.000000 0.063038 0.998001 0.004462 16.369200 -0.291958 0.014166 0.956326 0.000000 0.000000 0.000000 0.000000 1.000000
0.961461 -0.050171 0.270324 0.000000 0.051364 0.998676 0.002665 16.369200 -0.270100 0.011323 0.962766 0.000000 0.000000 0.000000 0.000000 1.000000
0.967985 -0.040080 0.247786 -0.000000 0.043637 0.999008 -0.008878 16.369200 -0.247184 0.019406 0.968774 0.000000 0.000000 0.000000 0.000000 1.000000
0.974273 -0.033171 0.222915 0.000000 0.039279 0.998963 -0.023019 16.369200 -0.221920 0.031182 0.974566 -0.000000 0.000000 0.000000 0.000000 1.000000
0.980253 -0.028310 0.195712 -0.000000 0.035533 0.998807 -0.033495 16.369200 -0.194530 0.039787 0.980089 -0.000000 0.000000 0.000000 0.000000 1.000000
0.985650 -0.021461 0.167434 0.000000 0.028681 0.998755 -0.040820 16.369200 -0.166350 0.045036 0.985038 -0.000000 0.000000 0.000000 0.000000 1.000000
0.990279 -0.010172 0.138723 -0.000000 0.017038 0.998683 -0.048396 16.369200 -0.138048 0.050289 0.989148 0.000000 0.000000 0.000000 0.000000 1.000000
0.993972 0.003726 0.109574 0.000000 0.002367 0.998460 -0.055425 16.369200 -0.109612 0.055351 0.992432 0.000000 0.000000 0.000000 0.000000 1.000000
0.996610 0.015957 0.080706 0.000000 -0.011408 0.998336 -0.056517 16.369200 -0.081474 0.055404 0.995134 0.000000 0.000000 0.000000 0.000000 1.000000
0.998317 0.022691 0.053365 -0.000000 -0.020116 0.998630 -0.048314 16.369200 -0.054388 0.047159 0.997406 -0.000000 0.000000 0.000000 0.000000 1.000000
0.999383 0.021604 0.027703 0.000000 -0.020655 0.999205 -0.034096 16.369200 -0.028417 0.033503 0.999035 0.000000 0.000000 0.000000 0.000000 1.000000
0.999920 0.012390 0.002726 -0.000000 -0.012332 0.999713 -0.020527 16.369200 -0.002980 0.020492 0.999786 0.000000 0.000000 0.000000 0.000000 1.000000
0.999747 -0.003600 -0.022214 0.000000 0.003329 0.999920 -0.012191 16.369200 0.022256 0.012114 0.999679 -0.000000 0.000000 0.000000 0.000000 1.000000</float_array>
        <technique_common>
          <accessor source="#mixamorig_Neck-Matrix-animation-output-transform-array" count="32" stride="16">
            <param type="float4x4"/>
          </accessor>
        </technique_common>
      </source>
      <source id="mixamorig_Neck-Interpolations">
        <Name_array id="mixamorig_Neck-Interpolations-array" count="32">
 LINEAR LINEAR LINEAR LINEAR LINEAR LINEAR LINEAR LINEAR LINEAR LINEAR LINEAR
LINEAR LINEAR LINEAR LINEAR LINEAR LINEAR LINEAR LINEAR LINEAR LINEAR LINEAR LINEAR
LINEAR LINEAR LINEAR LINEAR LINEAR LINEAR LINEAR LINEAR LINEAR</Name_array>
        <technique_common>
          <accessor source="#mixamorig_Neck-Interpolations-array" count="32">
            <param type="name"/>
          </accessor>
        </technique_common>
      </source>
      <sampler id="mixamorig_Neck-Matrix-animation-transform">
        <input semantic="INPUT" source="#mixamorig_Neck-Matrix-animation-input"/>
        <input semantic="OUTPUT" source="#mixamorig_Neck-Matrix-animation-output-transform"/>
        <input semantic="INTERPOLATION" source="#mixamorig_Neck-Interpolations"/>
      </sampler>
      <channel source="#mixamorig_Neck-Matrix-animation-transform" target="mixamorig_Neck/matrix"/>
    </animation>
    <animation id="mixamorig_Head-anim" name="mixamorig_Head">
      <source id="mixamorig_Head-Matrix-animation-input">
        <float_array id="mixamorig_Head-Matrix-animation-input-array" count="32">

0.000000 0.033333 0.066667 0.100000 0.133333 0.166667 0.200000 0.233333 0.266667 0.300000 0.333333 0.366667 0.400000 0.433333 0.466667 0.500000
0.533333 0.566667 0.600000 0.633333 0.666667 0.700000 0.733333 0.766667 0.800000 0.833333 0.866667 0.900000 0.933333 0.966667 1.000000 1.033333</float_array>
        <technique_common>
          <accessor source="#mixamorig_Head-Matrix-animation-input-array" count="32">
            <param name="TIME" type="float"/>
          </accessor>
        </technique_common>
      </source>
      <source id="mixamorig_Head-Matrix-animation-output-transform">
        <float_array id="mixamorig_Head-Matrix-animation-output-transform-array" count="512">

0.937032 0.006168 0.349190 0.000000 -0.044691 0.993742 0.102370 6.116700 -0.346373 -0.111530 0.931443 2.423300 0.000000 0.000000 0.000000 1.000000
0.937217 0.010321 0.348594 0.000000 -0.044420 0.994954 0.089967 6.116700 -0.345906 -0.099803 0.932946 2.423300 0.000000 0.000000 0.000000 1.000000
0.936499 0.008754 0.350561 0.000000 -0.034533 0.997131 0.067352 6.116700 -0.348966 -0.075181 0.934115 2.423300 0.000000 0.000000 0.000000 1.000000
0.933764 0.006436 0.357831 0.000000 -0.022583 0.998905 0.040963 6.116700 -0.357176 -0.046331 0.932887 2.423300 0.000000 0.000000 0.000000 1.000000
0.928063 0.008252 0.372332 0.000000 -0.015314 0.999754 0.016014 6.116700 -0.372108 -0.020564 0.927962 2.423300 0.000000 0.000000 0.000000 1.000000
0.919315 0.015074 0.393234 -0.000000 -0.012575 0.999881 -0.008930 6.116700 -0.393322 0.003265 0.919395 2.423300 0.000000 0.000000 0.000000 1.000000
0.908456 0.023899 0.417298 -0.000000 -0.008408 0.999207 -0.038920 6.116700 -0.417897 0.031848 0.907936 2.423300 0.000000 0.000000 0.000000 1.000000
0.896766 0.031914 0.441352 0.000000 0.000753 0.997284 -0.073642 6.116700 -0.442504 0.066372 0.894307 2.423300 0.000000 0.000000 0.000000 1.000000
0.884791 0.039092 0.464346 0.000000 0.011534 0.994332 -0.105689 6.116700 -0.465846 0.098868 0.879325 2.423300 0.000000 0.000000 0.000000 1.000000
0.872354 0.047683 0.486543 0.000000 0.017043 0.991661 -0.127744 6.116700 -0.488577 0.119731 0.864267 2.423300 0.000000 0.000000 0.000000 1.000000
0.859360 0.059774 0.507865 0.000000 0.013389 0.990174 -0.139195 6.116700 -0.511195 0.126418 0.850116 2.423300 0.000000 0.000000 0.000000 1.000000
0.846332 0.075362 0.527298 0.000000 0.002275 0.989420 -0.145060 6.116700 -0.532651 0.123968 0.837206 2.423300 0.000000 0.000000 0.000000 1.000000
0.834415 0.092735 0.543278 0.000000 -0.012734 0.988723 -0.149212 6.116700 -0.550989 0.117587 0.826187 2.423300 0.000000 0.000000 0.000000 1.000000
0.824451 0.110175 0.555106 0.000000 -0.031340 0.988250 -0.149598 6.116700 -0.565065 0.105939 0.818216 2.423300 0.000000 0.000000 0.000000 1.000000
0.816079 0.126534 0.563919 -0.000000 -0.055895 0.988445 -0.140900 6.116700 -0.575232 0.083465 0.813721 2.423300 0.000000 0.000000 0.000000 1.000000
0.808464 0.140431 0.571546 0.000000 -0.085664 0.988852 -0.121792 6.116700 -0.582278 0.049504 0.811482 2.423300 0.000000 0.000000 0.000000 1.000000
0.801840 0.150399 0.578302 0.000000 -0.114647 0.988548 -0.098128 6.116700 -0.586437 0.012383 0.809900 2.423300 0.000000 0.000000 0.000000 1.000000
0.797416 0.156381 0.582814 0.000000 -0.137093 0.987529 -0.077402 6.116700 -0.587650 -0.018178 0.808911 2.423300 0.000000 0.000000 0.000000 1.000000
0.795732 0.159800 0.584187 0.000000 -0.153223 0.986302 -0.061088 6.116700 -0.585947 -0.040901 0.809317 2.423300 0.000000 0.000000 0.000000 1.000000
0.796483 0.161677 0.582645 -0.000000 -0.167038 0.984925 -0.044961 6.116700 -0.581131 -0.061514 0.811482 2.423300 0.000000 0.000000 0.000000 1.000000
0.799867 0.161544 0.578028 0.000000 -0.179552 0.983395 -0.026372 6.116700 -0.572690 -0.082692 0.815591 2.423300 0.000000 0.000000 0.000000 1.000000
0.806816 0.158065 0.569265 0.000000 -0.187046 0.982321 -0.007657 6.116700 -0.560412 -0.100301 0.822118 2.423300 0.000000 0.000000 0.000000 1.000000
0.817731 0.149874 0.555746 0.000000 -0.185976 0.982516 0.008681 6.116700 -0.544728 -0.110454 0.831307 2.423300 0.000000 0.000000 0.000000 1.000000
0.831754 0.136104 0.538201 0.000000 -0.177184 0.983860 0.025021 6.116700 -0.526109 -0.116172 0.842445 2.423300 0.000000 0.000000 0.000000 1.000000
0.847639 0.117208 0.517466 0.000000 -0.164500 0.985290 0.046289 6.116700 -0.504429 -0.124360 0.854451 2.423300 0.000000 0.000000 0.000000 1.000000
0.864568 0.095124 0.493431 0.000000 -0.150200 0.985949 0.073102 6.116700 -0.479544 -0.137315 0.866707 2.423300 0.000000 0.000000 0.000000 1.000000
