<?xml version="1.0" encoding="utf-8"?>
<COLLADA xmlns="http://www.collada.org/2005/11/COLLADASchema" version="1.4.1">
  <asset>
    <contributor>
      <author>Mixamo</author>
      <authoring_tool>COLLADA Mixamo exporter</authoring_tool>
      <comments/>
    </contributor>
    <created>2025-01-03T22:40:44Z</created>
    <modified>2025-01-03T22:40:44Z</modified>
    <revision/>
    <title/>
    <unit meter="0.010000"/>
    <up_axis>Y_UP</up_axis>
  </asset>
  <library_animations>
    <animation id="mixamorig_Hips-anim" name="mixamorig_Hips">
      <source id="mixamorig_Hips-Matrix-animation-input">
        <float_array id="mixamorig_Hips-Matrix-animation-input-array" count="32">

0.000000 0.033333 0.066667 0.100000 0.133333 0.166667 0.200000 0.233333 0.266667 0.300000 0.333333 0.366667 0.400000 0.433333 0.466667 0.500000
0.533333 0.566667 0.600000 0.633333 0.666667 0.700000 0.733333 0.766667 0.800000 0.833333 0.866667 0.900000 0.933333 0.966667 1.000000 1.033333</float_array>
        <technique_common>
          <accessor source="#mixamorig_Hips-Matrix-animation-input-array" count="32">
            <param name="TIME" type="float"/>
          </accessor>
        </technique_common>
      </source>
      <source id="mixamorig_Hips-Matrix-animation-output-transform">
        <float_array id="mixamorig_Hips-Matrix-animation-output-transform-array" count="512">

0.729881 0.049904 -0.681750 -0.165282 0.004236 0.996982 0.077515 87.931381 0.683561 -0.059465 0.727467 0.235407 0.000000 0.000000 0.000000 1.000000
0.671393 0.051819 -0.739287 0.293188 -0.004897 0.997841 0.065495 88.031967 0.741085 -0.040353 0.670198 0.844559 0.000000 0.000000 0.000000 1.000000
0.606598 0.044641 -0.793754 1.413046 -0.016394 0.998912 0.043651 88.240234 0.794840 -0.013465 0.606670 2.243237 0.000000 0.000000 0.000000 1.000000
0.538994 0.033301 -0.841651 2.828440 -0.029394 0.999353 0.020717 88.494133 0.841797 0.013573 0.539624 3.907574 0.000000 0.000000 0.000000 1.000000
0.471479 0.019214 -0.881668 4.146483 -0.040468 0.999181 0.000135 88.825119 0.880948 0.035616 0.471870 5.386408 0.000000 0.000000 0.000000 1.000000
0.405503 0.002277 -0.914091 5.339499 -0.049057 0.998610 -0.019275 89.288925 0.912776 0.052658 0.405051 6.782688 0.000000 0.000000 0.000000 1.000000
0.342703 -0.013424 -0.939348 6.472185 -0.055889 0.997836 -0.034649 89.563026 0.937780 0.064373 0.341211 8.111483 0.000000 0.000000 0.000000 1.000000
0.283612 -0.027795 -0.958536 7.533656 -0.060066 0.997102 -0.046686 89.683189 0.957056 0.070816 0.281120 9.324256 0.000000 0.000000 0.000000 1.000000
0.228298 -0.040998 -0.972728 8.483300 -0.061668 0.996498 -0.056473 89.764130 0.971636 0.072879 0.224970 10.404350 0.000000 0.000000 0.000000 1.000000
0.175626 -0.052412 -0.983061 9.321493 -0.061196 0.996069 -0.064038 89.848106 0.982553 0.071406 0.171728 11.366379 0.000000 0.000000 0.000000 1.000000
0.122574 -0.062831 -0.990468 10.072154 -0.058503 0.995801 -0.070410 89.957848 0.990734 0.066576 0.118384 12.191439 0.000000 0.000000 0.000000 1.000000
0.066594 -0.073207 -0.995091 10.758601 -0.053605 0.995602 -0.076832 90.094994 0.996339 0.058458 0.062377 12.863908 0.000000 0.000000 0.000000 1.000000
0.006583 -0.083396 -0.996495 11.390770 -0.047039 0.995387 -0.083614 90.244476 0.998871 0.047424 0.002630 13.366196 0.000000 0.000000 0.000000 1.000000
-0.056198 -0.092100 -0.994163 11.967186 -0.040185 0.995138 -0.089919 90.379662 0.997611 0.034897 -0.059626 13.680485 0.000000 0.000000 0.000000 1.000000
-0.119830 -0.096888 -0.988056 12.500003 -0.034129 0.995040 -0.093433 90.440109 0.992208 0.022525 -0.122542 13.773617 0.000000 0.000000 0.000000 1.000000
-0.181765 -0.097716 -0.978475 13.015924 -0.029253 0.995147 -0.093947 90.364479 0.982907 0.011547 -0.183741 13.636895 0.000000 0.000000 0.000000 1.000000
-0.239016 -0.095009 -0.966356 13.502256 -0.025886 0.995471 -0.091469 90.151123 0.970671 0.003152 -0.240393 13.305414 0.000000 0.000000 0.000000 1.000000
-0.289136 -0.089615 -0.953084 13.880919 -0.022814 0.995971 -0.086726 89.832687 0.957016 -0.003332 -0.290015 12.821036 0.000000 0.000000 0.000000 1.000000
-0.330676 -0.082063 -0.940170 14.057966 -0.019349 0.996592 -0.080182 89.472366 0.943546 -0.008323 -0.331137 12.231645 0.000000 0.000000 0.000000 1.000000
-0.363429 -0.072782 -0.928775 13.845535 -0.014688 0.997267 -0.072401 89.151588 0.931506 -0.012671 -0.363505 11.491939 0.000000 0.000000 0.000000 1.000000
-0.388233 -0.061050 -0.919537 13.205034 -0.007897 0.997987 -0.062925 88.923203 0.921528 -0.017168 -0.387933 10.592689 0.000000 0.000000 0.000000 1.000000
-0.407209 -0.046242 -0.912164 12.221394 0.000897 0.998697 -0.051029 88.796875 0.913335 -0.021598 -0.406637 9.560447 0.000000 0.000000 0.000000 1.000000
-0.423776 -0.028699 -0.905312 10.956667 0.010243 0.999282 -0.036472 88.740494 0.905709 -0.024729 -0.423178 8.416864 0.000000 0.000000 0.000000 1.000000
-0.441551 -0.009885 -0.897182 9.472612 0.018029 0.999640 -0.019887 88.699425 0.897055 -0.024956 -0.441213 7.194278 0.000000 0.000000 0.000000 1.000000
-0.463100 0.007845 -0.886271 7.848692 0.022428 0.999744 -0.002870 88.629158 0.886022 -0.021206 -0.463157 5.931764 0.000000 0.000000 0.000000 1.000000
-0.488301 0.023131 -0.872369 6.176669 0.023441 0.999636 0.013385 88.518242 0.872360 -0.013913 -0.488665 4.649041 0.000000 0.000000 0.000000 1.000000
-0.516182 0.036590 -0.855697 4.551184 0.022312 0.999322 0.029272 88.377151 0.856188 -0.003983 -0.516648 3.562601 0.000000 0.000000 0.000000 1.000000
-0.546012 0.049112 -0.836336 3.056218 0.020430 0.998764 0.045313 88.216446 0.837528 0.007655 -0.546341 2.479913 0.000000 0.000000 0.000000 1.000000
-0.577508 0.060571 -0.814135 1.768615 0.018481 0.997958 0.061138 88.049591 0.816176 0.020261 -0.577448 1.469934 0.000000 0.000000 0.000000 1.000000
-0.610584 0.069121 -0.788929 0.755432 0.016033 0.997059 0.074947 87.891754 0.791789 0.033112 -0.609897 0.633298 0.000000 0.000000 0.000000 1.000000
-0.645087 0.067863 -0.761090 0.054663 0.011446 0.996795 0.079178 87.866600 0.764024 0.042365 -0.643796 0.050755 0.000000 0.000000 0.000000 1.000000
-0.681271 0.059622 -0.729600 -0.235916 0.004239 0.996982 0.077515 87.931389 0.732019 0.049716 -0.679467 -0.164557 0.000000 0.000000 0.000000 1.000000</float_array>
        <technique_common>
          <accessor source="#mixamorig_Hips-Matrix-animation-output-transform-array" count="32" stride="16">
            <param type="float4x4"/>
          </accessor>
        </technique_common>
      </source>
      <source id="mixamorig_Hips-Interpolations">
        <Name_array id="mixamorig_Hips-Interpolations-array" count="32">
 LINEAR LINEAR LINEAR LINEAR LINEAR LINEAR LINEAR LINEAR LINEAR LINEAR LINEAR
LINEAR LINEAR LINEAR LINEAR LINEAR LINEAR LINEAR LINEAR LINEAR LINEAR LINEAR LINEAR
LINEAR LINEAR LINEAR LINEAR LINEAR LINEAR LINEAR LINEAR LINEAR</Name_array>
        <technique_common>
          <accessor source="#mixamorig_Hips-Interpolations-array" count="32">
            <param type="name"/>
          </accessor>
        </technique_common>
      </source>
      <sampler id="mixamorig_Hips-Matrix-animation-transform">
        <input semantic="INPUT" source="#mixamorig_Hips-Matrix-animation-input"/>
        <input semantic="OUTPUT" source="#mixamorig_Hips-Matrix-animation-output-transform"/>
        <input semantic="INTERPOLATION" source="#mixamorig_Hips-Interpolations"/>
      </sampler>
      <channel source="#mixamorig_Hips-Matrix-animation-transform" target="mixamorig_Hips/matrix"/>
    </animation>
    <animation id="mixamorig_Spine-anim" name="mixamorig_Spine">
      <source id="mixamorig_Spine-Matrix-animation-input">
        <float_array id="mixamorig_Spine-Matrix-animation-input-array" count="32">

0.000000 0.033333 0.066667 0.100000 0.133333 0.166667 0.200000 0.233333 0.266667 0.300000 0.333333 0.366667 0.400000 0.433333 0.466667 0.500000
0.533333 0.566667 0.600000 0.633333 0.666667 0.700000 0.733333 0.766667 0.800000 0.833333 0.866667 0.900000 0.933333 0.966667 1.000000 1.033333</float_array>
        <technique_common>
          <accessor source="#mixamorig_Spine-Matrix-animation-input-array" count="32">
            <param name="TIME" type="float"/>
          </accessor>
        </technique_common>
      </source>
      <source id="mixamorig_Spine-Matrix-animation-output-transform">
        <float_array id="mixamorig_Spine-Matrix-animation-output-transform-array" count="512">

0.996530 0.016266 0.081627 -0.000000 -0.015144 0.999782 -0.014344 10.871300 -0.081843 0.013058 0.996560 -0.951400 0.000000 0.000000 0.000000 1.000000
0.996512 0.014544 0.082173 -0.000000 -0.013607 0.999836 -0.011954 10.871300 -0.082333 0.010794 0.996546 -0.951400 0.000000 0.000000 0.000000 1.000000
0.996479 0.012618 0.082890 0.000000 -0.011841 0.999881 -0.009866 10.871300 -0.083004 0.008849 0.996510 -0.951400 0.000000 0.000000 0.000000 1.000000
0.996431 0.010630 0.083741 -0.000000 -0.009958 0.999915 -0.008443 10.871300 -0.083824 0.007579 0.996452 -0.951400 0.000000 0.000000 0.000000 1.000000
0.996381 0.008904 0.084533 0.000000 -0.008275 0.999935 -0.007792 10.871300 -0.084597 0.007064 0.996390 -0.951400 0.000000 0.000000 0.000000 1.000000
0.996348 0.007723 0.085038 -0.000000 -0.007100 0.999946 -0.007618 10.871300 -0.085092 0.006987 0.996349 -0.951400 0.000000 0.000000 0.000000 1.000000
0.996339 0.007366 0.085173 0.000000 -0.006751 0.999949 -0.007505 10.871300 -0.085224 0.006902 0.996338 -0.951400 0.000000 0.000000 0.000000 1.000000
0.996347 0.007823 0.085034 0.000000 -0.007235 0.999948 -0.007221 10.871300 -0.085086 0.006580 0.996352 -0.951400 0.000000 0.000000 0.000000 1.000000
0.996361 0.008798 0.084783 0.000000 -0.008246 0.999943 -0.006855 10.871300 -0.084838 0.006131 0.996376 -0.951400 0.000000 0.000000 0.000000 1.000000
0.996370 0.010225 0.084514 0.000000 -0.009699 0.999931 -0.006630 10.871300 -0.084576 0.005786 0.996400 -0.951400 0.000000 0.000000 0.000000 1.000000
0.996371 0.012241 0.084234 0.000000 -0.011729 0.999910 -0.006567 10.871300 -0.084307 0.005555 0.996424 -0.951400 0.000000 0.000000 0.000000 1.000000
0.996358 0.014960 0.083947 0.000000 -0.014467 0.999874 -0.006480 10.871300 -0.084033 0.005242 0.996449 -0.951400 0.000000 0.000000 0.000000 1.000000
0.996326 0.018188 0.083692 0.000000 -0.017721 0.999823 -0.006323 10.871300 -0.083793 0.004817 0.996472 -0.951400 0.000000 0.000000 0.000000 1.000000
0.996277 0.021442 0.083503 0.000000 -0.020984 0.999760 -0.006363 10.871300 -0.083620 0.004587 0.996487 -0.951400 0.000000 0.000000 0.000000 1.000000
0.996227 0.024225 0.083339 -0.000000 -0.023729 0.999694 -0.006938 10.871300 -0.083482 0.004934 0.996497 -0.951400 0.000000 0.000000 0.000000 1.000000
0.996195 0.026183 0.083123 0.000000 -0.025597 0.999639 -0.008109 10.871300 -0.083306 0.005950 0.996506 -0.951400 0.000000 0.000000 0.000000 1.000000
0.996193 0.027218 0.082817 0.000000 -0.026509 0.999602 -0.009649 10.871300 -0.083047 0.007417 0.996518 -0.951400 0.000000 0.000000 0.000000 1.000000
0.996217 0.027439 0.082449 0.000000 -0.026598 0.999583 -0.011282 10.871300 -0.082724 0.009046 0.996531 -0.951400 0.000000 0.000000 0.000000 1.000000
0.996258 0.027119 0.082069 0.000000 -0.026150 0.999575 -0.012864 10.871300 -0.082383 0.010670 0.996544 -0.951400 0.000000 0.000000 0.000000 1.000000
0.996300 0.026654 0.081702 -0.000000 -0.025559 0.999569 -0.014417 10.871300 -0.082051 0.012275 0.996553 -0.951400 0.000000 0.000000 0.000000 1.000000
0.996336 0.026399 0.081347 0.000000 -0.025174 0.999554 -0.016050 10.871300 -0.081735 0.013944 0.996557 -0.951400 0.000000 0.000000 0.000000 1.000000
0.996361 0.026437 0.081030 -0.000000 -0.025070 0.999527 -0.017834 10.871300 -0.081463 0.015737 0.996552 -0.951400 0.000000 0.000000 0.000000 1.000000
0.996377 0.026486 0.080819 0.000000 -0.024978 0.999496 -0.019617 10.871300 -0.081297 0.017527 0.996536 -0.951400 0.000000 0.000000 0.000000 1.000000
0.996390 0.026136 0.080771 -0.000000 -0.024515 0.999479 -0.020987 10.871300 -0.081277 0.018931 0.996512 -0.951400 0.000000 0.000000 0.000000 1.000000
0.996406 0.025158 0.080887 0.000000 -0.023488 0.999492 -0.021523 10.871300 -0.081388 0.019545 0.996491 -0.951400 0.000000 0.000000 0.000000 1.000000
0.996426 0.023685 0.081088 -0.000000 -0.022036 0.999533 -0.021175 10.871300 -0.081552 0.019313 0.996482 -0.951400 0.000000 0.000000 0.000000 1.000000
0.996447 0.022089 0.081276 0.000000 -0.020499 0.999583 -0.020351 10.871300 -0.081692 0.018613 0.996484 -0.951400 0.000000 0.000000 0.000000 1.000000
0.996467 0.020710 0.081395 0.000000 -0.019181 0.999625 -0.019528 10.871300 -0.081769 0.017898 0.996491 -0.951400 0.000000 0.000000 0.000000 1.000000
0.996485 0.019616 0.081448 0.000000 -0.018142 0.999659 -0.018797 10.871300 -0.081789 0.017253 0.996500 -0.951400 0.000000 0.000000 0.000000 1.000000
0.996502 0.018627 0.081471 -0.000000 -0.017228 0.999692 -0.017848 10.871300 -0.081778 0.016382 0.996516 -0.951400 0.000000 0.000000 0.000000 1.000000
0.996518 0.017540 0.081516 0.000000 -0.016257 0.999734 -0.016378 10.871300 -0.081781 0.014996 0.996537 -0.951400 0.000000 0.000000 0.000000 1.000000
0.996530 0.016266 0.081627 0.000000 -0.015144 0.999782 -0.014344 10.871300 -0.081843 0.013058 0.996560 -0.951400 0.000000 0.000000 0.000000 1.000000</float_array>
        <technique_common>
          <accessor source="#mixamorig_Spine-Matrix-animation-output-transform-array" count="32" stride="16">
            <param type="float4x4"/>
          </accessor>
        </technique_common>
      </source>
      <source id="mixamorig_Spine-Interpolations">
        <Name_array id="mixamorig_Spine-Interpolations-array" count="32">
 LINEAR LINEAR LINEAR LINEAR LINEAR LINEAR LINEAR LINEAR LINEAR LINEAR LINEAR
LINEAR LINEAR LINEAR LINEAR LINEAR LINEAR LINEAR LINEAR LINEAR LINEAR LINEAR LINEAR
LINEAR LINEAR LINEAR LINEAR LINEAR LINEAR LINEAR LINEAR LINEAR</Name_array>
        <technique_common>
          <accessor source="#mixamorig_Spine-Interpolations-array" count="32">
            <param type="name"/>
          </accessor>
        </technique_common>
      </source>
      <sampler id="mixamorig_Spine-Matrix-animation-transform">
        <input semantic="INPUT" source="#mixamorig_Spine-Matrix-animation-input"/>
        <input semantic="OUTPUT" source="#mixamorig_Spine-Matrix-animation-output-transform"/>
        <input semantic="INTERPOLATION" source="#mixamorig_Spine-Interpolations"/>
      </sampler>
      <channel source="#mixamorig_Spine-Matrix-animation-transform" target="mixamorig_Spine/matrix"/>
    </animation>
    <animation id="mixamorig_Spine1-anim" name="mixamorig_Spine1">
      <source id="mixamorig_Spine1-Matrix-animation-input">
        <float_array id="mixamorig_Spine1-Matrix-animation-input-array" count="32">

0.000000 0.033333 0.066667 0.100000 0.133333 0.166667 0.200000 0.233333 0.266667 0.300000 0.333333 0.366667 0.400000 0.433333 0.466667 0.500000
0.533333 0.566667 0.600000 0.633333 0.666667 0.700000 0.733333 0.766667 0.800000 0.833333 0.866667 0.900000 0.933333 0.966667 1.000000 1.033333</float_array>
        <technique_common>
          <accessor source="#mixamorig_Spine1-Matrix-animation-input-array" count="32">
            <param name="TIME" type="float"/>
          </accessor>
        </technique_common>
      </source>
      <source id="mixamorig_Spine1-Matrix-animation-output-transform">
        <float_array id="mixamorig_Spine1-Matrix-animation-output-transform-array" count="512">

0.986155 0.039234 0.161117 0.000000 -0.006056 0.979481 -0.201445 12.731600 -0.165714 0.197681 0.966158 -0.000000 0.000000 0.000000 0.000000 1.000000
0.986067 0.035827 0.162446 -0.000000 -0.003227 0.980469 -0.196648 12.731600 -0.166318 0.193384 0.966923 0.000000 0.000000 0.000000 0.000000 1.000000
0.985928 0.031982 0.164080 0.000000 0.000188 0.981315 -0.192407 12.731600 -0.167168 0.189730 0.967501 0.000000 0.000000 0.000000 0.000000 1.000000
0.985744 0.027809 0.165936 0.000000 0.004186 0.981888 -0.189416 12.731600 -0.168198 0.187410 0.967774 0.000000 0.000000 0.000000 0.000000 1.000000
0.985555 0.024029 0.167645 -0.000000 0.008021 0.982150 -0.187928 12.731600 -0.169168 0.186558 0.967770 0.000000 0.000000 0.000000 0.000000 1.000000
0.985425 0.021613 0.168734 -0.000000 0.010556 0.982216 -0.187460 12.731600 -0.169785 0.186508 0.967671 0.000000 0.000000 0.000000 0.000000 1.000000
0.985390 0.021014 0.169014 0.000000 0.011164 0.982255 -0.187216 12.731600 -0.169949 0.186368 0.967670 -0.000000 0.000000 0.000000 0.000000 1.000000
0.985425 0.022003 0.168683 0.000000 0.010028 0.982362 -0.186722 12.731600 -0.169816 0.185692 0.967823 -0.000000 0.000000 0.000000 0.000000 1.000000
0.985477 0.024143 0.168081 -0.000000 0.007676 0.982495 -0.186130 12.731600 -0.169633 0.184717 0.968041 0.000000 0.000000 0.000000 0.000000 1.000000
0.985511 0.027282 0.167401 0.000000 0.004371 0.982565 -0.185866 12.731600 -0.169553 0.183905 0.968210 -0.000000 0.000000 0.000000 0.000000 1.000000
0.985513 0.031551 0.166641 0.000000 -0.000012 0.982558 -0.185958 12.731600 -0.169601 0.183262 0.968323 0.000000 0.000000 0.000000 0.000000 1.000000
0.985467 0.036950 0.165797 0.000000 -0.005542 0.982529 -0.186029 12.731600 -0.169774 0.182406 0.968455 0.000000 0.000000 0.000000 0.000000 1.000000
0.985358 0.043053 0.164973 0.000000 -0.011793 0.982486 -0.185961 12.731600 -0.170090 0.181293 0.968609 -0.000000 0.000000 0.000000 0.000000 1.000000
0.985193 0.049096 0.164271 0.000000 -0.017896 0.982337 -0.186262 12.731600 -0.170514 0.180564 0.968670 0.000000 0.000000 0.000000 0.000000 1.000000
0.985023 0.054267 0.163662 0.000000 -0.022935 0.981984 -0.187569 12.731600 -0.170893 0.181006 0.968521 0.000000 0.000000 0.000000 0.000000 1.000000
0.984920 0.057942 0.163022 0.000000 -0.026292 0.981435 -0.189985 12.731600 -0.171004 0.182833 0.968158 0.000000 0.000000 0.000000 0.000000 1.000000
0.984928 0.059848 0.162283 0.000000 -0.027788 0.980795 -0.193051 12.731600 -0.170721 0.185632 0.967675 0.000000 0.000000 0.000000 0.000000 1.000000
0.985037 0.060187 0.161495 -0.000000 -0.027717 0.980165 -0.196235 12.731600 -0.170103 0.188823 0.967166 0.000000 0.000000 0.000000 0.000000 1.000000
0.985196 0.059627 0.160731 0.000000 -0.026772 0.979573 -0.199300 12.731600 -0.169331 0.192046 0.966667 0.000000 0.000000 0.000000 0.000000 1.000000
0.985353 0.059016 0.159991 0.000000 -0.025783 0.978980 -0.202322 12.731600 -0.168568 0.195234 0.966162 0.000000 0.000000 0.000000 0.000000 1.000000
0.985480 0.058927 0.159237 0.000000 -0.025289 0.978324 -0.205529 12.731600 -0.167897 0.198518 0.965609 0.000000 0.000000 0.000000 0.000000 1.000000
0.985571 0.059322 0.158528 -0.000000 -0.025218 0.977583 -0.209036 12.731600 -0.167375 0.202022 0.964973 0.000000 0.000000 0.000000 0.000000 1.000000
0.985631 0.059586 0.158053 -0.000000 -0.024975 0.976838 -0.212518 12.731600 -0.167055 0.205517 0.964290 -0.000000 0.000000 0.000000 0.000000 1.000000
0.985678 0.058947 0.157998 0.000000 -0.023899 0.976289 -0.215148 12.731600 -0.166934 0.208291 0.963716 0.000000 0.000000 0.000000 0.000000 1.000000
0.985732 0.057014 0.158372 -0.000000 -0.021738 0.976128 -0.216104 12.731600 -0.166912 0.209578 0.963440 0.000000 0.000000 0.000000 0.000000 1.000000
0.985800 0.054057 0.158982 0.000000 -0.018817 0.976366 -0.215305 12.731600 -0.166864 0.209256 0.963519 0.000000 0.000000 0.000000 0.000000 1.000000
0.985876 0.050841 0.159574 0.000000 -0.015804 0.976800 -0.213571 12.731600 -0.166730 0.208032 0.963807 -0.000000 0.000000 0.000000 0.000000 1.000000
0.985947 0.048074 0.159991 0.000000 -0.013269 0.977210 -0.211859 12.731600 -0.166530 0.206759 0.964115 0.000000 0.000000 0.000000 0.000000 1.000000
0.986010 0.045914 0.160235 0.000000 -0.011336 0.977559 -0.210356 12.731600 -0.166298 0.205597 0.964404 0.000000 0.000000 0.000000 0.000000 1.000000
0.986069 0.043976 0.160421 0.000000 -0.009705 0.977987 -0.208440 12.731600 -0.166056 0.203979 0.964789 -0.000000 0.000000 0.000000 0.000000 1.000000
0.986120 0.041809 0.160686 -0.000000 -0.008005 0.978624 -0.205502 12.731600 -0.165843 0.201364 0.965375 0.000000 0.000000 0.000000 0.000000 1.000000
0.986155 0.039234 0.161117 -0.000000 -0.006056 0.979481 -0.201445 12.731600 -0.165715 0.197681 0.966158 -0.000000 0.000000 0.000000 0.000000 1.000000</float_array>
        <technique_common>
          <accessor source="#mixamorig_Spine1-Matrix-animation-output-transform-array" count="32" stride="16">
            <param type="float4x4"/>
          </accessor>
        </technique_common>
      </source>
      <source id="mixamorig_Spine1-Interpolations">
        <Name_array id="mixamorig_Spine1-Interpolations-array" count="32">
 LINEAR LINEAR LINEAR LINEAR LINEAR LINEAR LINEAR LINEAR LINEAR LINEAR LINEAR
LINEAR LINEAR LINEAR LINEAR LINEAR LINEAR LINEAR LINEAR LINEAR LINEAR LINEAR LINEAR
LINEAR LINEAR LINEAR LINEAR LINEAR LINEAR LINEAR LINEAR LINEAR</Name_array>
        <technique_common>
          <accessor source="#mixamorig_Spine1-Interpolations-array" count="32">
            <param type="name"/>
          </accessor>
        </technique_common>
      </source>
      <sampler id="mixamorig_Spine1-Matrix-animation-transform">
        <input semantic="INPUT" source="#mixamorig_Spine1-Matrix-animation-input"/>
        <input semantic="OUTPUT" source="#mixamorig_Spine1-Matrix-animation-output-transform"/>
        <input semantic="INTERPOLATION" source="#mixamorig_Spine1-Interpolations"/>
      </sampler>
      <channel source="#mixamorig_Spine1-Matrix-animation-transform" target="mixamorig_Spine1/matrix"/>
    </animation>
    <animation id="mixamorig_Spine2-anim" name="mixamorig_Spine2">
      <source id="mixamorig_Spine2-Matrix-animation-input">
        <float_array id="mixamorig_Spine2-Matrix-animation-input-array" count="32">

0.000000 0.033333 0.066667 0.100000 0.133333 0.166667 0.200000 0.233333 0.266667 0.300000 0.333333 0.366667 0.400000 0.433333 0.466667 0.500000
0.533333 0.566667 0.600000 0.633333 0.666667 0.700000 0.733333 0.766667 0.800000 0.833333 0.866667 0.900000 0.933333 0.966667 1.000000 1.033333</float_array>
        <technique_common>
          <accessor source="#mixamorig_Spine2-Matrix-animation-input-array" count="32">
            <param name="TIME" type="float"/>
          </accessor>
        </technique_common>
      </source>
      <source id="mixamorig_Spine2-Matrix-animation-output-transform">
        <float_array id="mixamorig_Spine2-Matrix-animation-output-transform-array" count="512">

0.986155 0.039234 0.161117 -0.000000 -0.006056 0.979481 -0.201445 14.550400 -0.165715 0.197681 0.966158 0.000000 0.000000 0.000000 0.000000 1.000000
0.986067 0.035827 0.162446 0.000000 -0.003227 0.980469 -0.196648 14.550400 -0.166318 0.193384 0.966923 -0.000000 0.000000 0.000000 0.000000 1.000000
0.985928 0.031982 0.164080 -0.000000 0.000188 0.981315 -0.192407 14.550400 -0.167168 0.189730 0.967501 -0.000000 0.000000 0.000000 0.000000 1.000000
0.985744 0.027809 0.165936 0.000000 0.004186 0.981888 -0.189415 14.550400 -0.168198 0.187410 0.967774 -0.000000 0.000000 0.000000 0.000000 1.000000
0.985555 0.024029 0.167645 0.000000 0.008021 0.982150 -0.187928 14.550400 -0.169168 0.186558 0.967770 0.000000 0.000000 0.000000 0.000000 1.000000
0.985425 0.021613 0.168734 0.000000 0.010556 0.982216 -0.187460 14.550400 -0.169785 0.186508 0.967671 0.000000 0.000000 0.000000 0.000000 1.000000
0.985390 0.021015 0.169014 0.000000 0.011164 0.982255 -0.187216 14.550400 -0.169950 0.186368 0.967669 0.000000 0.000000 0.000000 0.000000 1.000000
0.985425 0.022003 0.168683 0.000000 0.010028 0.982362 -0.186722 14.550400 -0.169816 0.185692 0.967823 0.000000 0.000000 0.000000 0.000000 1.000000
0.985477 0.024143 0.168082 0.000000 0.007676 0.982495 -0.186130 14.550400 -0.169633 0.184718 0.968041 -0.000000 0.000000 0.000000 0.000000 1.000000
0.985511 0.027282 0.167400 0.000000 0.004371 0.982565 -0.185866 14.550400 -0.169553 0.183905 0.968210 -0.000000 0.000000 0.000000 0.000000 1.000000
0.985513 0.031551 0.166640 0.000000 -0.000012 0.982558 -0.185958 14.550400 -0.169601 0.183262 0.968324 0.000000 0.000000 0.000000 0.000000 1.000000
0.985467 0.036950 0.165797 -0.000000 -0.005542 0.982529 -0.186029 14.550400 -0.169774 0.182406 0.968455 -0.000000 0.000000 0.000000 0.000000 1.000000
0.985358 0.043053 0.164973 0.000000 -0.011794 0.982486 -0.185961 14.550400 -0.170090 0.181293 0.968608 -0.000000 0.000000 0.000000 0.000000 1.000000
0.985193 0.049096 0.164271 0.000000 -0.017896 0.982337 -0.186262 14.550400 -0.170514 0.180564 0.968670 0.000000 0.000000 0.000000 0.000000 1.000000
0.985023 0.054267 0.163662 0.000000 -0.022935 0.981984 -0.187569 14.550400 -0.170892 0.181006 0.968521 0.000000 0.000000 0.000000 0.000000 1.000000
0.984920 0.057942 0.163022 0.000000 -0.026292 0.981435 -0.189985 14.550400 -0.171003 0.182833 0.968158 0.000000 0.000000 0.000000 0.000000 1.000000
0.984928 0.059848 0.162283 0.000000 -0.027788 0.980795 -0.193051 14.550400 -0.170720 0.185632 0.967675 0.000000 0.000000 0.000000 0.000000 1.000000
0.985037 0.060187 0.161495 0.000000 -0.027717 0.980165 -0.196235 14.550400 -0.170102 0.188823 0.967167 0.000000 0.000000 0.000000 0.000000 1.000000
0.985196 0.059627 0.160731 -0.000000 -0.026772 0.979573 -0.199300 14.550400 -0.169331 0.192047 0.966667 -0.000000 0.000000 0.000000 0.000000 1.000000
0.985353 0.059016 0.159991 0.000000 -0.025783 0.978980 -0.202322 14.550400 -0.168568 0.195234 0.966162 0.000000 0.000000 0.000000 0.000000 1.000000
0.985480 0.058927 0.159238 -0.000000 -0.025289 0.978324 -0.205529 14.550400 -0.167898 0.198518 0.965609 0.000000 0.000000 0.000000 0.000000 1.000000
0.985571 0.059322 0.158529 0.000000 -0.025218 0.977583 -0.209036 14.550400 -0.167375 0.202022 0.964973 0.000000 0.000000 0.000000 0.000000 1.000000
0.985631 0.059586 0.158053 -0.000000 -0.024975 0.976838 -0.212518 14.550400 -0.167055 0.205517 0.964290 0.000000 0.000000 0.000000 0.000000 1.000000
0.985678 0.058947 0.157998 0.000000 -0.023899 0.976289 -0.215148 14.550400 -0.166934 0.208291 0.963716 -0.000000 0.000000 0.000000 0.000000 1.000000
0.985732 0.057014 0.158372 0.000000 -0.021738 0.976128 -0.216104 14.550400 -0.166912 0.209578 0.963440 0.000000 0.000000 0.000000 0.000000 1.000000
0.985800 0.054057 0.158982 -0.000000 -0.018817 0.976366 -0.215304 14.550400 -0.166863 0.209256 0.963519 0.000000 0.000000 0.000000 0.000000 1.000000
0.985876 0.050841 0.159574 0.000000 -0.015804 0.976800 -0.213571 14.550400 -0.166730 0.208032 0.963807 -0.000000 0.000000 0.000000 0.000000 1.000000
0.985947 0.048074 0.159991 0.000000 -0.013269 0.977210 -0.211859 14.550400 -0.166530 0.206759 0.964115 0.000000 0.000000 0.000000 0.000000 1.000000
0.986011 0.045914 0.160235 -0.000000 -0.011336 0.977559 -0.210356 14.550400 -0.166297 0.205597 0.964404 0.000000 0.000000 0.000000 0.000000 1.000000
0.986069 0.043976 0.160421 0.000000 -0.009705 0.977987 -0.208440 14.550400 -0.166056 0.203979 0.964789 -0.000000 0.000000 0.000000 0.000000 1.000000
0.986120 0.041809 0.160687 -0.000000 -0.008005 0.978624 -0.205503 14.550400 -0.165844 0.201364 0.965375 0.000000 0.000000 0.000000 0.000000 1.000000
0.986155 0.039234 0.161117 0.000000 -0.006056 0.979481 -0.201445 14.550400 -0.165714 0.197681 0.966158 0.000000 0.000000 0.000000 0.000000 1.000000</float_array>
        <technique_common>
          <accessor source="#mixamorig_Spine2-Matrix-animation-output-transform-array" count="32" stride="16">
            <param type="float4x4"/>
          </accessor>
        </technique_common>
      </source>
      <source id="mixamorig_Spine2-Interpolations">
        <Name_array id="mixamorig_Spine2-Interpolations-array" count="32">
 LINEAR LINEAR LINEAR LINEAR LINEAR LINEAR LINEAR LINEAR LINEAR LINEAR LINEAR
LINEAR LINEAR LINEAR LINEAR LINEAR LINEAR LINEAR LINEAR LINEAR LINEAR LINEAR LINEAR
LINEAR LINEAR LINEAR LINEAR LINEAR LINEAR LINEAR LINEAR LINEAR</Name_array>
        <technique_common>
          <accessor source="#mixamorig_Spine2-Interpolations-array" count="32">
            <param type="name"/>
          </accessor>
        </technique_common>
      </source>
      <sampler id="mixamorig_Spine2-Matrix-animation-transform">
        <input semantic="INPUT" source="#mixamorig_Spine2-Matrix-animation-input"/>
        <input semantic="OUTPUT" source="#mixamorig_Spine2-Matrix-animation-output-transform"/>
        <input semantic="INTERPOLATION" source="#mixamorig_Spine2-Interpolations"/>
      </sampler>
      <channel source="#mixamorig_Spine2-Matrix-animation-transform" target="mixamorig_Spine2/matrix"/>
    </animation>
    <animation id="mixamorig_Neck-anim" name="mixamorig_Neck">
      <source id="mixamorig_Neck-Matrix-animation-input">
        <float_array id="mixamorig_Neck-Matrix-animation-input-array" count="32">

0.000000 0.033333 0.066667 0.100000 0.133333 0.166667 0.200000 0.233333 0.266667 0.300000 0.333333 0.366667 0.400000 0.433333 0.466667 0.500000
0.533333 0.566667 0.600000 0.633333 0.666667 0.700000 0.733333 0.766667 0.800000 0.833333 0.866667 0.900000 0.933333 0.966667 1.000000 1.033333</float_array>
        <technique_common>
          <accessor source="#mixamorig_Neck-Matrix-animation-input-array" count="32">
            <param name="TIME" type="float"/>
          </accessor>
        </technique_common>
      </source>
      <source id="mixamorig_Neck-Matrix-animation-output-transform">
        <float_array id="mixamorig_Neck-Matrix-animation-output-transform-array" count="512">

0.999747 -0.003600 -0.022215 -0.000000 0.003330 0.999920 -0.012190 16.369200 0.022257 0.012113 0.999679 0.000000 0.000000 0.000000 0.000000 1.000000
0.999966 0.003323 -0.007564 0.000000 -0.003343 0.999991 -0.002703 16.369200 0.007555 0.002728 0.999968 -0.000000 0.000000 0.000000 0.000000 1.000000
0.999866 0.015982 0.003656 0.000000 -0.016038 0.999749 0.015657 16.369200 -0.003405 -0.015714 0.999871 -0.000000 0.000000 0.000000 0.000000 1.000000
0.999323 0.035087 0.011087 -0.000000 -0.035509 0.998548 0.040521 16.369200 -0.009649 -0.040887 0.999117 0.000000 0.000000 0.000000 0.000000 1.000000
0.998232 0.057737 0.014149 0.000000 -0.058533 0.996202 0.064469 16.369200 -0.010373 -0.065183 0.997819 -0.000000 0.000000 0.000000 0.000000 1.000000
0.996870 0.078140 0.012057 0.000000 -0.078845 0.993830 0.078004 16.369200 -0.005887 -0.078711 0.996880 0.000000 0.000000 0.000000 0.000000 1.000000
0.995787 0.091582 0.004561 0.000000 -0.091662 0.992851 0.076455 16.369200 0.002473 -0.076551 0.997063 0.000000 0.000000 0.000000 0.000000 1.000000
0.995277 0.096815 -0.007126 0.000000 -0.096179 0.993370 0.062976 16.369200 0.013176 -0.061993 0.997990 -0.000000 0.000000 0.000000 0.000000 1.000000
0.995227 0.095358 -0.020731 -0.000000 -0.094349 0.994514 0.045171 16.369200 0.024925 -0.043000 0.998764 0.000000 0.000000 0.000000 0.000000 1.000000
0.995361 0.089959 -0.034120 0.000000 -0.088980 0.995605 0.029208 16.369200 0.036598 -0.026037 0.998991 0.000000 0.000000 0.000000 0.000000 1.000000
0.995396 0.084146 -0.045894 0.000000 -0.083427 0.996363 0.017363 16.369200 0.047188 -0.013455 0.998795 0.000000 0.000000 0.000000 0.000000 1.000000
0.995118 0.081806 -0.055207 0.000000 -0.081384 0.996634 0.009853 16.369200 0.055827 -0.005312 0.998426 -0.000000 0.000000 0.000000 0.000000 1.000000
0.994434 0.085518 -0.061541 0.000000 -0.085280 0.996336 0.006493 16.369200 0.061871 -0.001209 0.998083 -0.000000 0.000000 0.000000 0.000000 1.000000
0.993372 0.094984 -0.064737 0.000000 -0.094798 0.995479 0.005942 16.369200 0.065009 0.000234 0.997885 0.000000 0.000000 0.000000 0.000000 1.000000
0.992079 0.107407 -0.065134 0.000000 -0.107288 0.994214 0.005320 16.369200 0.065328 0.001711 0.997862 0.000000 0.000000 0.000000 0.000000 1.000000
0.990834 0.119120 -0.063701 0.000000 -0.119204 0.992867 0.002498 16.369200 0.063544 0.005118 0.997966 0.000000 0.000000 0.000000 0.000000 1.000000
0.990002 0.126692 -0.062011 -0.000000 -0.127025 0.991899 -0.001436 16.369200 0.061327 0.009298 0.998074 0.000000 0.000000 0.000000 0.000000 1.000000
0.989918 0.127482 -0.061729 -0.000000 -0.127912 0.991781 -0.003045 16.369200 0.060834 0.010910 0.998088 0.000000 0.000000 0.000000 0.000000 1.000000
0.990656 0.120512 -0.063851 0.000000 -0.120757 0.992682 0.000026 16.369200 0.063387 0.007685 0.997959 0.000000 0.000000 0.000000 0.000000 1.000000
0.991890 0.107192 -0.068293 0.000000 -0.106972 0.994238 0.006885 16.369200 0.068637 0.000476 0.997642 0.000000 0.000000 0.000000 0.000000 1.000000
0.993112 0.090783 -0.074070 0.000000 -0.089955 0.995841 0.014446 16.369200 0.075074 -0.007684 0.997148 0.000000 0.000000 0.000000 0.000000 1.000000
0.994017 0.074751 -0.079646 0.000000 -0.073379 0.997103 0.020013 16.369200 0.080912 -0.014049 0.996622 -0.000000 0.000000 0.000000 0.000000 1.000000
0.994643 0.061347 -0.083201 0.000000 -0.059641 0.997959 0.022834 16.369200 0.084432 -0.017749 0.996271 0.000000 0.000000 0.000000 0.000000 1.000000
0.995226 0.051106 -0.083141 0.000000 -0.049289 0.998502 0.023762 16.369200 0.084231 -0.019550 0.996254 0.000000 0.000000 0.000000 0.000000 1.000000
0.995951 0.043016 -0.078932 0.000000 -0.041248 0.998863 0.023896 16.369200 0.079870 -0.020543 0.996594 -0.000000 0.000000 0.000000 0.000000 1.000000
0.996817 0.035227 -0.071514 0.000000 -0.033628 0.999159 0.023443 16.369200 0.072280 -0.020963 0.997164 0.000000 0.000000 0.000000 0.000000 1.000000
0.997686 0.026369 -0.062670 0.000000 -0.025069 0.999456 0.021443 16.369200 0.063202 -0.019822 0.997804 -0.000000 0.000000 0.000000 0.000000 1.000000
0.998411 0.016771 -0.053805 0.000000 -0.015909 0.999739 0.016394 16.369200 0.054066 -0.015512 0.998417 0.000000 0.000000 0.000000 0.000000 1.000000
0.998937 0.008230 -0.045356 0.000000 -0.007883 0.999938 0.007818 16.369200 0.045417 -0.007452 0.998940 0.000000 0.000000 0.000000 0.000000 1.000000
0.999304 0.002274 -0.037234 -0.000000 -0.002359 0.999995 -0.002224 16.369200 0.037229 0.002310 0.999304 0.000000 0.000000 0.000000 0.000000 1.000000
0.999565 -0.001234 -0.029452 -0.000000 0.000941 0.999950 -0.009958 16.369200 0.029463 0.009926 0.999517 0.000000 0.000000 0.000000 0.000000 1.000000
0.999747 -0.003600 -0.022215 0.000000 0.003330 0.999920 -0.012190 16.369200 0.022257 0.012113 0.999679 0.000000 0.000000 0.000000 0.000000 1.000000</float_array>
        <technique_common>
          <accessor source="#mixamorig_Neck-Matrix-animation-output-transform-array" count="32" stride="16">
            <param type="float4x4"/>
          </accessor>
        </technique_common>
      </source>
      <source id="mixamorig_Neck-Interpolations">
        <Name_array id="mixamorig_Neck-Interpolations-array" count="32">
 LINEAR LINEAR LINEAR LINEAR LINEAR LINEAR LINEAR LINEAR LINEAR LINEAR LINEAR
LINEAR LINEAR LINEAR LINEAR LINEAR LINEAR LINEAR LINEAR LINEAR LINEAR LINEAR LINEAR
LINEAR LINEAR LINEAR LINEAR LINEAR LINEAR LINEAR LINEAR LINEAR</Name_array>
        <technique_common>
          <accessor source="#mixamorig_Neck-Interpolations-array" count="32">
            <param type="name"/>
          </accessor>
        </technique_common>
      </source>
      <sampler id="mixamorig_Neck-Matrix-animation-transform">
        <input semantic="INPUT" source="#mixamorig_Neck-Matrix-animation-input"/>
        <input semantic="OUTPUT" source="#mixamorig_Neck-Matrix-animation-output-transform"/>
        <input semantic="INTERPOLATION" source="#mixamorig_Neck-Interpolations"/>
      </sampler>
      <channel source="#mixamorig_Neck-Matrix-animation-transform" target="mixamorig_Neck/matrix"/>
    </animation>
    <animation id="mixamorig_Head-anim" name="mixamorig_Head">
      <source id="mixamorig_Head-Matrix-animation-input">
        <float_array id="mixamorig_Head-Matrix-animation-input-array" count="32">

0.000000 0.033333 0.066667 0.100000 0.133333 0.166667 0.200000 0.233333 0.266667 0.300000 0.333333 0.366667 0.400000 0.433333 0.466667 0.500000
0.533333 0.566667 0.600000 0.633333 0.666667 0.700000 0.733333 0.766667 0.800000 0.833333 0.866667 0.900000 0.933333 0.966667 1.000000 1.033333</float_array>
        <technique_common>
          <accessor source="#mixamorig_Head-Matrix-animation-input-array" count="32">
            <param name="TIME" type="float"/>
          </accessor>
        </technique_common>
      </source>
      <source id="mixamorig_Head-Matrix-animation-output-transform">
        <float_array id="mixamorig_Head-Matrix-animation-output-transform-array" count="512">

0.937032 0.006168 0.349190 0.000000 -0.044691 0.993742 0.102370 6.116700 -0.346373 -0.111530 0.931443 2.423300 0.000000 0.000000 0.000000 1.000000
0.938339 0.010309 0.345563 0.000000 -0.044000 0.994988 0.089794 6.116700 -0.342906 -0.099462 0.934089 2.423300 0.000000 0.000000 0.000000 1.000000
0.949579 0.014276 0.313202 0.000000 -0.038650 0.996673 0.071754 6.116700 -0.311136 -0.080242 0.946972 2.423300 0.000000 0.000000 0.000000 1.000000
0.966640 0.015349 0.255680 -0.000000 -0.029696 0.998187 0.052346 6.116700 -0.254414 -0.058192 0.965343 2.423300 0.000000 0.000000 0.000000 1.000000
0.983717 0.015036 0.179096 0.000000 -0.021731 0.999134 0.035476 6.116700 -0.178408 -0.038790 0.983192 2.423300 0.000000 0.000000 0.000000 1.000000
0.995619 0.018137 0.091728 -0.000000 -0.020421 0.999503 0.024025 6.116700 -0.091247 -0.025792 0.995494 2.423300 0.000000 0.000000 0.000000 1.000000
0.999618 0.027611 0.001453 0.000000 -0.027633 0.999445 0.018594 6.116700 -0.000939 -0.018627 0.999826 2.423300 0.000000 0.000000 0.000000 1.000000
0.995468 0.042018 -0.085314 -0.000000 -0.040695 0.999024 0.017192 6.116700 0.085953 -0.013642 0.996206 2.423300 0.000000 0.000000 0.000000 1.000000
0.984922 0.057601 -0.163125 0.000000 -0.055479 0.998306 0.017539 6.116700 0.163859 -0.008225 0.986449 2.423300 0.000000 0.000000 0.000000 1.000000
0.971260 0.071006 -0.227183 0.000000 -0.068360 0.997470 0.019504 6.116700 0.227993 -0.003414 0.973657 2.423300 0.000000 0.000000 0.000000 1.000000
0.958542 0.079167 -0.273733 0.000000 -0.075536 0.996859 0.023794 6.116700 0.274757 -0.002130 0.961511 2.423300 0.000000 0.000000 0.000000 1.000000
0.950697 0.078400 -0.300048 0.000000 -0.073001 0.996905 0.029180 6.116700 0.301407 -0.005838 0.953478 2.423300 0.000000 0.000000 0.000000 1.000000
0.950562 0.065959 -0.303449 0.000000 -0.058100 0.997702 0.034866 6.116700 0.305051 -0.015512 0.952210 2.423300 0.000000 0.000000 0.000000 1.000000
0.956947 0.044749 -0.286791 -0.000000 -0.033879 0.998511 0.042754 6.116700 0.288277 -0.031197 0.957039 2.423300 0.000000 0.000000 0.000000 1.000000
0.966793 0.021553 -0.254650 0.000000 -0.007336 0.998367 0.056645 6.116700 0.255456 -0.052896 0.965373 2.423300 0.000000 0.000000 0.000000 1.000000
0.977327 0.002598 -0.211721 0.000000 0.014331 0.996820 0.078388 6.116700 0.211252 -0.079645 0.974181 2.423300 0.000000 0.000000 0.000000 1.000000
0.986395 -0.009023 -0.164147 0.000000 0.026387 0.994236 0.103913 6.116700 0.162264 -0.106831 0.980947 2.423300 0.000000 0.000000 0.000000 1.000000
0.992742 -0.013125 -0.119543 0.000000 0.028204 0.991713 0.125336 6.116700 0.116908 -0.127798 0.984886 2.423300 0.000000 0.000000 0.000000 1.000000
0.996430 -0.011257 -0.083672 0.000000 0.022698 0.990301 0.137069 6.116700 0.081317 -0.138479 0.987021 2.423300 0.000000 0.000000 0.000000 1.000000
0.998837 -0.008696 -0.047421 -0.000000 0.015383 0.989674 0.142512 6.116700 0.045692 -0.143076 0.988656 2.423300 0.000000 0.000000 0.000000 1.000000
0.999929 -0.006911 -0.009728 -0.000000 0.008250 0.989378 0.145134 6.116700 0.008622 -0.145204 0.989364 2.423300 0.000000 0.000000 0.000000 1.000000
0.999570 -0.005873 0.028733 0.000000 0.001591 0.989162 0.146823 6.116700 -0.029284 -0.146714 0.988745 2.423300 0.000000 0.000000 0.000000 1.000000
0.997687 -0.005492 0.067751 0.000000 -0.004543 0.989114 0.147084 6.116700 -0.067821 -0.147051 0.986801 2.423300 0.000000 0.000000 0.000000 1.000000
0.994199 -0.005889 0.107398 0.000000 -0.009700 0.989522 0.144053 6.116700 -0.107121 -0.144259 0.983725 2.423300 0.000000 0.000000 0.000000 1.000000
0.989017 -0.006886 0.147641 -0.000000 -0.013532 0.990500 0.136845 6.116700 -0.147180 -0.137340 0.979528 2.423300 0.000000 0.000000 0.000000 1.000000
0.982142 -0.007513 0.187990 0.000000 -0.016727 0.991759 0.127023 6.116700 -0.187395 -0.127900 0.973922 2.423300 0.000000 0.000000 0.000000 1.000000
