<?xml version="1.0" encoding="utf-8"?>
<COLLADA xmlns="http://www.collada.org/2005/11/COLLADASchema" version="1.4.1">
  <asset>
    <contributor>
      <author>Mixamo</author>
      <authoring_tool>COLLADA Mixamo exporter</authoring_tool>
      <comments/>
    </contributor>
    <created>2025-01-04T02:05:54Z</created>
    <modified>2025-01-04T02:05:54Z</modified>
    <revision/>
    <title/>
    <unit meter="0.010000"/>
    <up_axis>Y_UP</up_axis>
  </asset>
  <library_animations>
    <animation id="mixamorig_Hips-anim" name="mixamorig_Hips">
      <source id="mixamorig_Hips-Matrix-animation-input">
        <float_array id="mixamorig_Hips-Matrix-animation-input-array" count="26">

0.000000 0.033333 0.066667 0.100000 0.133333 0.166667 0.200000 0.233333 0.266667 0.300000 0.333333 0.366667 0.400000 0.433333 0.466667 0.500000
0.533333 0.566667 0.600000 0.633333 0.666667 0.700000 0.733333 0.766667 0.800000 0.833333</float_array>
        <technique_common>
          <accessor source="#mixamorig_Hips-Matrix-animation-input-array" count="26">
            <param name="TIME" type="float"/>
          </accessor>
        </technique_common>
      </source>
      <source id="mixamorig_Hips-Matrix-animation-output-transform">
        <float_array id="mixamorig_Hips-Matrix-animation-output-transform-array" count="416">

0.998481 -0.054113 -0.010341 0.156641 0.051536 0.983779 -0.171822 91.747162 0.019471 0.171028 0.985074 -1.485821 0.000000 0.000000 0.000000 1.000000
0.995765 -0.083588 -0.038277 0.342208 0.075356 0.980588 -0.181021 93.499779 0.052665 0.177370 0.982734 -2.735827 0.000000 0.000000 0.000000 1.000000
0.993318 -0.100891 -0.056039 0.502544 0.087987 0.976245 -0.198002 94.888382 0.074684 0.191748 0.978598 -3.677333 0.000000 0.000000 0.000000 1.000000
0.992042 -0.107920 -0.064854 0.661759 0.092073 0.973149 -0.210957 95.991287 0.085879 0.203307 0.975341 -4.124249 0.000000 0.000000 0.000000 1.000000
0.993524 -0.098843 -0.056030 0.567685 0.084060 0.971232 -0.222806 97.030655 0.076441 0.216653 0.973251 -4.027015 0.000000 0.000000 0.000000 1.000000
0.996438 -0.078933 -0.029696 0.336872 0.070501 0.972879 -0.220311 96.785934 0.046280 0.217433 0.974978 -3.609655 0.000000 0.000000 0.000000 1.000000
0.997870 -0.064848 0.007142 0.128189 0.064820 0.973061 -0.221249 95.879829 0.007398 0.221240 0.975191 -3.488716 0.000000 0.000000 0.000000 1.000000
0.997363 -0.057451 0.044356 -0.142704 0.065909 0.972820 -0.221984 94.637848 -0.030397 0.224322 0.974041 -4.100166 0.000000 0.000000 0.000000 1.000000
0.996897 -0.056099 0.055225 -0.294125 0.066888 0.973550 -0.218462 92.803246 -0.041508 0.221478 0.974282 -4.267553 0.000000 0.000000 0.000000 1.000000
0.996775 -0.063767 0.048725 -0.282626 0.073220 0.971157 -0.226922 91.473267 -0.032850 0.229757 0.972693 -4.847523 0.000000 0.000000 0.000000 1.000000
0.996764 -0.054531 0.059051 -0.353613 0.066661 0.971317 -0.228253 91.001350 -0.044911 0.231451 0.971809 -5.901646 0.000000 0.000000 0.000000 1.000000
0.995776 -0.029328 0.087003 -0.258329 0.049174 0.970597 -0.235632 91.759094 -0.077534 0.238915 0.967940 -6.664680 0.000000 0.000000 0.000000 1.000000
0.993777 0.003963 0.111318 -0.003160 0.024563 0.966968 -0.253710 93.124908 -0.108646 0.254866 0.960853 -7.424631 0.000000 0.000000 0.000000 1.000000
0.990881 0.035646 0.129937 0.180121 -0.000204 0.964767 -0.263107 94.700966 -0.134738 0.260681 0.955977 -7.852442 0.000000 0.000000 0.000000 1.000000
0.988308 0.064388 0.138211 0.158093 -0.024126 0.961080 -0.275214 95.823898 -0.150552 0.268661 0.951397 -7.879020 0.000000 0.000000 0.000000 1.000000
0.987281 0.080137 0.137311 0.323026 -0.036973 0.955723 -0.291935 96.938362 -0.154626 0.283145 0.946530 -7.460673 0.000000 0.000000 0.000000 1.000000
0.989170 0.073927 0.126797 0.545216 -0.033603 0.955012 -0.294657 97.595512 -0.142876 0.287205 0.947153 -6.302684 0.000000 0.000000 0.000000 1.000000
0.991728 0.062982 0.111847 0.617167 -0.029828 0.960572 -0.276425 97.036224 -0.124847 0.270802 0.954505 -5.409816 0.000000 0.000000 0.000000 1.000000
0.992542 0.056170 0.108192 0.621174 -0.027058 0.966891 -0.253752 95.674324 -0.118863 0.248932 0.961200 -4.862009 0.000000 0.000000 0.000000 1.000000
0.992804 0.051373 0.108175 0.662967 -0.025368 0.973031 -0.229276 94.058395 -0.117036 0.224882 0.967332 -4.297740 0.000000 0.000000 0.000000 1.000000
0.993110 0.046604 0.107520 0.739177 -0.023734 0.978494 -0.204906 92.284691 -0.114757 0.200942 0.972858 -3.591359 0.000000 0.000000 0.000000 1.000000
0.993941 0.040166 0.102309 0.666873 -0.020926 0.982962 -0.182616 90.832115 -0.107901 0.179368 0.977847 -3.207081 0.000000 0.000000 0.000000 1.000000
0.995664 0.032499 0.087158 0.584914 -0.017606 0.985887 -0.166485 89.885674 -0.091339 0.164229 0.982184 -3.172242 0.000000 0.000000 0.000000 1.000000
0.998619 0.008577 0.051829 0.494349 0.000255 0.985781 -0.168035 89.635757 -0.052534 0.167816 0.984418 -2.885772 0.000000 0.000000 0.000000 1.000000
0.999609 -0.022822 0.016173 0.357870 0.025235 0.985215 -0.169453 90.415627 -0.012067 0.169795 0.985406 -2.517059 0.000000 0.000000 0.000000 1.000000
0.998481 -0.054113 -0.010341 0.156909 0.051536 0.983779 -0.171822 91.747391 0.019471 0.171028 0.985074 -1.485738 0.000000 0.000000 0.000000 1.000000</float_array>
        <technique_common>
          <accessor source="#mixamorig_Hips-Matrix-animation-output-transform-array" count="26" stride="16">
            <param type="float4x4"/>
          </accessor>
        </technique_common>
      </source>
      <source id="mixamorig_Hips-Interpolations">
        <Name_array id="mixamorig_Hips-Interpolations-array" count="26">
 LINEAR LINEAR LINEAR LINEAR LINEAR LINEAR LINEAR LINEAR LINEAR LINEAR LINEAR
LINEAR LINEAR LINEAR LINEAR LINEAR LINEAR LINEAR LINEAR LINEAR LINEAR LINEAR LINEAR
LINEAR LINEAR LINEAR</Name_array>
        <technique_common>
          <accessor source="#mixamorig_Hips-Interpolations-array" count="26">
            <param type="name"/>
          </accessor>
        </technique_common>
      </source>
      <sampler id="mixamorig_Hips-Matrix-animation-transform">
        <input semantic="INPUT" source="#mixamorig_Hips-Matrix-animation-input"/>
        <input semantic="OUTPUT" source="#mixamorig_Hips-Matrix-animation-output-transform"/>
        <input semantic="INTERPOLATION" source="#mixamorig_Hips-Interpolations"/>
      </sampler>
      <channel source="#mixamorig_Hips-Matrix-animation-transform" target="mixamorig_Hips/matrix"/>
    </animation>
    <animation id="mixamorig_Spine-anim" name="mixamorig_Spine">
      <source id="mixamorig_Spine-Matrix-animation-input">
        <float_array id="mixamorig_Spine-Matrix-animation-input-array" count="26">

0.000000 0.033333 0.066667 0.100000 0.133333 0.166667 0.200000 0.233333 0.266667 0.300000 0.333333 0.366667 0.400000 0.433333 0.466667 0.500000
0.533333 0.566667 0.600000 0.633333 0.666667 0.700000 0.733333 0.766667 0.800000 0.833333</float_array>
        <technique_common>
          <accessor source="#mixamorig_Spine-Matrix-animation-input-array" count="26">
            <param name="TIME" type="float"/>
          </accessor>
        </technique_common>
      </source>
      <source id="mixamorig_Spine-Matrix-animation-output-transform">
        <float_array id="mixamorig_Spine-Matrix-animation-output-transform-array" count="416">

0.998199 0.020098 0.056516 0.000000 -0.016368 0.997705 -0.065708 10.871300 -0.057707 0.064665 0.996237 -0.951400 0.000000 0.000000 0.000000 1.000000
0.995456 0.050702 0.080603 -0.000000 -0.046077 0.997239 -0.058238 10.871300 -0.083333 0.054260 0.995043 -0.951400 0.000000 0.000000 0.000000 1.000000
0.992891 0.070556 0.095856 0.000000 -0.065809 0.996486 -0.051815 10.871300 -0.099175 0.045138 0.994046 -0.951400 0.000000 0.000000 0.000000 1.000000
0.991436 0.083481 0.100423 0.000000 -0.079385 0.995867 -0.044124 10.871300 -0.103692 0.035774 0.993966 -0.951400 0.000000 0.000000 0.000000 1.000000
0.992015 0.080535 0.097054 0.000000 -0.078517 0.996613 -0.024443 10.871300 -0.098694 0.016628 0.994979 -0.951400 0.000000 0.000000 0.000000 1.000000
0.993720 0.068114 0.088775 0.000000 -0.068394 0.997658 0.000115 10.871300 -0.088559 -0.006185 0.996052 -0.951400 0.000000 0.000000 0.000000 1.000000
0.995205 0.064123 0.073866 -0.000000 -0.065214 0.997794 0.012454 10.871300 -0.072904 -0.017212 0.997190 -0.951400 0.000000 0.000000 0.000000 1.000000
0.996061 0.068785 0.055953 -0.000000 -0.068770 0.997630 -0.002187 10.871300 -0.055971 -0.001669 0.998431 -0.951400 0.000000 0.000000 0.000000 1.000000
0.996047 0.081239 0.035932 -0.000000 -0.080654 0.996590 -0.017439 10.871300 -0.037226 0.014472 0.999202 -0.951400 0.000000 0.000000 0.000000 1.000000
0.994884 0.100223 0.012708 0.000000 -0.099924 0.994745 -0.022308 10.871300 -0.014877 0.020924 0.999670 -0.951400 0.000000 0.000000 0.000000 1.000000
0.994648 0.102500 -0.012982 0.000000 -0.102795 0.994399 -0.024565 10.871300 0.010392 0.025768 0.999614 -0.951400 0.000000 0.000000 0.000000 1.000000
0.995749 0.082931 -0.040084 0.000000 -0.083979 0.996149 -0.025203 10.871300 0.037840 0.028462 0.998878 -0.951400 0.000000 0.000000 0.000000 1.000000
0.996666 0.047436 -0.066377 0.000000 -0.049286 0.998433 -0.026512 10.871300 0.065016 0.029695 0.997442 -0.951400 0.000000 0.000000 0.000000 1.000000
0.996165 0.009636 -0.086968 0.000000 -0.012280 0.999477 -0.029916 10.871300 0.086634 0.030869 0.995762 -0.951400 0.000000 0.000000 0.000000 1.000000
0.993836 -0.025238 -0.107951 0.000000 0.021915 0.999252 -0.031855 10.871300 0.108675 0.029292 0.993646 -0.951400 0.000000 0.000000 0.000000 1.000000
0.990844 -0.049179 -0.125739 0.000000 0.046353 0.998605 -0.025304 10.871300 0.126808 0.019244 0.991741 -0.951400 0.000000 0.000000 0.000000 1.000000
0.989839 -0.061373 -0.128266 0.000000 0.061462 0.998104 -0.003262 10.871300 0.128224 -0.004655 0.991734 -0.951400 0.000000 0.000000 0.000000 1.000000
0.990412 -0.073693 -0.116848 0.000000 0.075309 0.997115 0.009466 10.871300 0.115813 -0.018175 0.993105 -0.951400 0.000000 0.000000 0.000000 1.000000
0.991139 -0.082639 -0.103994 -0.000000 0.083770 0.996464 0.006545 10.871300 0.103085 -0.015199 0.994556 -0.951400 0.000000 0.000000 0.000000 1.000000
0.991930 -0.089068 -0.090234 0.000000 0.089591 0.995977 0.001750 10.871300 0.089715 -0.009821 0.995919 -0.951400 0.000000 0.000000 0.000000 1.000000
0.992907 -0.092857 -0.074258 0.000000 0.093020 0.995663 -0.001271 10.871300 0.074053 -0.005646 0.997238 -0.951400 0.000000 0.000000 0.000000 1.000000
0.994073 -0.094748 -0.053314 -0.000000 0.093850 0.995403 -0.019104 10.871300 0.054879 0.013988 0.998395 -0.951400 0.000000 0.000000 0.000000 1.000000
0.995325 -0.092307 -0.028415 0.000000 0.090924 0.994766 -0.046623 10.871300 0.032570 0.043822 0.998508 -0.951400 0.000000 0.000000 0.000000 1.000000
0.997607 -0.068883 0.006031 0.000000 0.069121 0.995809 -0.059897 10.871300 -0.001880 0.060170 0.998186 -0.951400 0.000000 0.000000 0.000000 1.000000
0.998938 -0.026711 0.037537 0.000000 0.029046 0.997584 -0.063111 10.871300 -0.035760 0.064135 0.997300 -0.951400 0.000000 0.000000 0.000000 1.000000
0.998199 0.020098 0.056516 0.000000 -0.016368 0.997705 -0.065708 10.871300 -0.057707 0.064664 0.996237 -0.951400 0.000000 0.000000 0.000000 1.000000</float_array>
        <technique_common>
          <accessor source="#mixamorig_Spine-Matrix-animation-output-transform-array" count="26" stride="16">
            <param type="float4x4"/>
          </accessor>
        </technique_common>
      </source>
      <source id="mixamorig_Spine-Interpolations">
        <Name_array id="mixamorig_Spine-Interpolations-array" count="26">
 LINEAR LINEAR LINEAR LINEAR LINEAR LINEAR LINEAR LINEAR LINEAR LINEAR LINEAR
LINEAR LINEAR LINEAR LINEAR LINEAR LINEAR LINEAR LINEAR LINEAR LINEAR LINEAR LINEAR
LINEAR LINEAR LINEAR</Name_array>
        <technique_common>
          <accessor source="#mixamorig_Spine-Interpolations-array" count="26">
            <param type="name"/>
          </accessor>
        </technique_common>
      </source>
      <sampler id="mixamorig_Spine-Matrix-animation-transform">
        <input semantic="INPUT" source="#mixamorig_Spine-Matrix-animation-input"/>
        <input semantic="OUTPUT" source="#mixamorig_Spine-Matrix-animation-output-transform"/>
        <input semantic="INTERPOLATION" source="#mixamorig_Spine-Interpolations"/>
      </sampler>
      <channel source="#mixamorig_Spine-Matrix-animation-transform" target="mixamorig_Spine/matrix"/>
    </animation>
    <animation id="mixamorig_Spine1-anim" name="mixamorig_Spine1">
      <source id="mixamorig_Spine1-Matrix-animation-input">
        <float_array id="mixamorig_Spine1-Matrix-animation-input-array" count="26">

0.000000 0.033333 0.066667 0.100000 0.133333 0.166667 0.200000 0.233333 0.266667 0.300000 0.333333 0.366667 0.400000 0.433333 0.466667 0.500000
0.533333 0.566667 0.600000 0.633333 0.666667 0.700000 0.733333 0.766667 0.800000 0.833333</float_array>
        <technique_common>
          <accessor source="#mixamorig_Spine1-Matrix-animation-input-array" count="26">
            <param name="TIME" type="float"/>
          </accessor>
        </technique_common>
      </source>
      <source id="mixamorig_Spine1-Matrix-animation-output-transform">
        <float_array id="mixamorig_Spine1-Matrix-animation-output-transform-array" count="416">

0.999668 -0.015957 0.020219 0.000000 0.016519 0.999473 -0.027953 12.731600 -0.019762 0.028278 0.999405 0.000000 0.000000 0.000000 0.000000 1.000000
0.999418 -0.004206 0.033866 0.000000 0.004921 0.999766 -0.021061 12.731600 -0.033769 0.021215 0.999204 -0.000000 0.000000 0.000000 0.000000 1.000000
0.999086 0.002491 0.042683 0.000000 -0.001964 0.999922 -0.012368 12.731600 -0.042710 0.012273 0.999012 0.000000 0.000000 0.000000 0.000000 1.000000
0.998870 0.010131 0.046433 0.000000 -0.009836 0.999930 -0.006568 12.731600 -0.046496 0.006104 0.998900 -0.000000 0.000000 0.000000 0.000000 1.000000
0.998889 0.013226 0.045236 -0.000000 -0.012746 0.999860 -0.010887 12.731600 -0.045374 0.010298 0.998917 0.000000 0.000000 0.000000 0.000000 1.000000
0.999149 0.009068 0.040236 -0.000000 -0.008033 0.999634 -0.025829 12.731600 -0.040456 0.025484 0.998856 0.000000 0.000000 0.000000 0.000000 1.000000
0.999440 0.006709 0.032790 -0.000000 -0.005509 0.999318 -0.036523 12.731600 -0.033013 0.036322 0.998795 0.000000 0.000000 0.000000 0.000000 1.000000
0.999637 0.007824 0.025785 -0.000000 -0.006953 0.999408 -0.033694 12.731600 -0.026033 0.033503 0.999100 0.000000 0.000000 0.000000 0.000000 1.000000
0.999678 0.009977 0.023334 0.000000 -0.009327 0.999571 -0.027767 12.731600 -0.023601 0.027540 0.999342 0.000000 0.000000 0.000000 0.000000 1.000000
0.999763 0.011504 0.018492 -0.000000 -0.010985 0.999549 -0.027945 12.731600 -0.018805 0.027735 0.999438 0.000000 0.000000 0.000000 0.000000 1.000000
0.999941 0.009689 0.004992 0.000000 -0.009543 0.999554 -0.028314 12.731600 -0.005264 0.028265 0.999587 0.000000 0.000000 0.000000 0.000000 1.000000
0.999919 0.004364 -0.011918 0.000000 -0.004663 0.999673 -0.025155 12.731600 0.011804 0.025209 0.999613 0.000000 0.000000 0.000000 0.000000 1.000000
0.999664 -0.002487 -0.025820 0.000000 0.002103 0.999887 -0.014885 12.731600 0.025854 0.014826 0.999556 0.000000 0.000000 0.000000 0.000000 1.000000
0.999262 -0.009653 -0.037175 0.000000 0.009607 0.999953 -0.001414 12.731600 0.037187 0.001056 0.999308 -0.000000 0.000000 0.000000 0.000000 1.000000
0.998631 -0.015942 -0.049810 0.000000 0.016609 0.999777 0.013004 12.731600 0.049592 -0.013814 0.998674 0.000000 0.000000 0.000000 0.000000 1.000000
0.997991 -0.020315 -0.060013 -0.000000 0.021593 0.999552 0.020714 12.731600 0.059566 -0.021969 0.997983 0.000000 0.000000 0.000000 0.000000 1.000000
0.997901 -0.022096 -0.060873 0.000000 0.022946 0.999648 0.013307 12.731600 0.060557 -0.014676 0.998057 0.000000 0.000000 0.000000 0.000000 1.000000
0.998161 -0.023292 -0.055968 -0.000000 0.023481 0.999721 0.002724 12.731600 0.055889 -0.004033 0.998429 0.000000 0.000000 0.000000 0.000000 1.000000
0.998263 -0.025514 -0.053097 0.000000 0.025437 0.999674 -0.002119 12.731600 0.053134 0.000764 0.998587 -0.000000 0.000000 0.000000 0.000000 1.000000
0.998319 -0.028195 -0.050640 0.000000 0.027889 0.999588 -0.006746 12.731600 0.050809 0.005322 0.998694 -0.000000 0.000000 0.000000 0.000000 1.000000
0.998429 -0.031091 -0.046609 0.000000 0.030466 0.999437 -0.014057 12.731600 0.047020 0.012614 0.998814 -0.000000 0.000000 0.000000 0.000000 1.000000
0.998625 -0.034511 -0.039451 -0.000000 0.033833 0.999271 -0.017708 12.731600 0.040033 0.016349 0.999065 -0.000000 0.000000 0.000000 0.000000 1.000000
0.998978 -0.038106 -0.024304 -0.000000 0.037549 0.999031 -0.022962 12.731600 0.025156 0.022025 0.999441 0.000000 0.000000 0.000000 0.000000 1.000000
0.999304 -0.036913 -0.005342 0.000000 0.036752 0.998939 -0.027757 12.731600 0.006361 0.027541 0.999600 0.000000 0.000000 0.000000 0.000000 1.000000
0.999556 -0.028224 0.009573 0.000000 0.028497 0.999154 -0.029664 12.731600 -0.008728 0.029924 0.999514 0.000000 0.000000 0.000000 0.000000 1.000000
0.999668 -0.015957 0.020219 0.000000 0.016519 0.999473 -0.027953 12.731600 -0.019762 0.028278 0.999405 -0.000000 0.000000 0.000000 0.000000 1.000000</float_array>
        <technique_common>
          <accessor source="#mixamorig_Spine1-Matrix-animation-output-transform-array" count="26" stride="16">
            <param type="float4x4"/>
          </accessor>
        </technique_common>
      </source>
      <source id="mixamorig_Spine1-Interpolations">
        <Name_array id="mixamorig_Spine1-Interpolations-array" count="26">
 LINEAR LINEAR LINEAR LINEAR LINEAR LINEAR LINEAR LINEAR LINEAR LINEAR LINEAR
LINEAR LINEAR LINEAR LINEAR LINEAR LINEAR LINEAR LINEAR LINEAR LINEAR LINEAR LINEAR
LINEAR LINEAR LINEAR</Name_array>
        <technique_common>
          <accessor source="#mixamorig_Spine1-Interpolations-array" count="26">
            <param type="name"/>
          </accessor>
        </technique_common>
      </source>
      <sampler id="mixamorig_Spine1-Matrix-animation-transform">
        <input semantic="INPUT" source="#mixamorig_Spine1-Matrix-animation-input"/>
        <input semantic="OUTPUT" source="#mixamorig_Spine1-Matrix-animation-output-transform"/>
        <input semantic="INTERPOLATION" source="#mixamorig_Spine1-Interpolations"/>
      </sampler>
      <channel source="#mixamorig_Spine1-Matrix-animation-transform" target="mixamorig_Spine1/matrix"/>
    </animation>
    <animation id="mixamorig_Spine2-anim" name="mixamorig_Spine2">
      <source id="mixamorig_Spine2-Matrix-animation-input">
        <float_array id="mixamorig_Spine2-Matrix-animation-input-array" count="26">

0.000000 0.033333 0.066667 0.100000 0.133333 0.166667 0.200000 0.233333 0.266667 0.300000 0.333333 0.366667 0.400000 0.433333 0.466667 0.500000
0.533333 0.566667 0.600000 0.633333 0.666667 0.700000 0.733333 0.766667 0.800000 0.833333</float_array>
        <technique_common>
          <accessor source="#mixamorig_Spine2-Matrix-animation-input-array" count="26">
            <param name="TIME" type="float"/>
          </accessor>
        </technique_common>
      </source>
      <source id="mixamorig_Spine2-Matrix-animation-output-transform">
        <float_array id="mixamorig_Spine2-Matrix-animation-output-transform-array" count="416">

0.999674 -0.015719 0.020105 0.000000 0.016281 0.999472 -0.028117 14.550400 -0.019653 0.028436 0.999402 -0.000000 0.000000 0.000000 0.000000 1.000000
0.999422 -0.003747 0.033783 0.000000 0.004465 0.999765 -0.021223 14.550400 -0.033695 0.021361 0.999204 -0.000000 0.000000 0.000000 0.000000 1.000000
0.999087 0.003194 0.042603 0.000000 -0.002665 0.999919 -0.012464 14.550400 -0.042639 0.012339 0.999014 0.000000 0.000000 0.000000 0.000000 1.000000
0.998867 0.010920 0.046316 0.000000 -0.010629 0.999922 -0.006532 14.550400 -0.046384 0.006032 0.998905 0.000000 0.000000 0.000000 0.000000 1.000000
0.998885 0.013736 0.045166 0.000000 -0.013263 0.999854 -0.010754 14.550400 -0.045307 0.010142 0.998922 -0.000000 0.000000 0.000000 0.000000 1.000000
0.999145 0.009008 0.040359 -0.000000 -0.007977 0.999640 -0.025623 14.550400 -0.040575 0.025279 0.998857 0.000000 0.000000 0.000000 0.000000 1.000000
0.999435 0.008035 0.032638 0.000000 -0.006845 0.999314 -0.036395 14.550400 -0.032908 0.036151 0.998804 0.000000 0.000000 0.000000 0.000000 1.000000
0.999608 0.013660 0.024440 0.000000 -0.012828 0.999343 -0.033895 14.550400 -0.024887 0.033568 0.999127 -0.000000 0.000000 0.000000 0.000000 1.000000
0.999563 0.021366 0.020443 0.000000 -0.020783 0.999383 -0.028320 14.550400 -0.021035 0.027883 0.999390 0.000000 0.000000 0.000000 0.000000 1.000000
0.999513 0.027687 0.014399 0.000000 -0.027264 0.999213 -0.028815 14.550400 -0.015186 0.028408 0.999481 0.000000 0.000000 0.000000 0.000000 1.000000
0.999598 0.028359 0.000273 0.000000 -0.028339 0.999163 -0.029506 14.550400 -0.001109 0.029486 0.999565 0.000000 0.000000 0.000000 0.000000 1.000000
0.999626 0.021895 -0.016404 0.000000 -0.022325 0.999399 -0.026521 14.550400 0.015813 0.026878 0.999514 -0.000000 0.000000 0.000000 0.000000 1.000000
0.999510 0.010786 -0.029371 -0.000000 -0.011263 0.999807 -0.016114 14.550400 0.029191 0.016437 0.999439 0.000000 0.000000 0.000000 0.000000 1.000000
0.999224 -0.002117 -0.039326 -0.000000 0.002029 0.999995 -0.002285 14.550400 0.039331 0.002204 0.999224 -0.000000 0.000000 0.000000 0.000000 1.000000
0.998629 -0.014003 -0.050435 0.000000 0.014653 0.999814 0.012534 14.550400 0.050250 -0.013255 0.998649 0.000000 0.000000 0.000000 0.000000 1.000000
0.997984 -0.021545 -0.059701 -0.000000 0.022809 0.999528 0.020567 14.550400 0.059230 -0.021887 0.998004 0.000000 0.000000 0.000000 0.000000 1.000000
0.997894 -0.023293 -0.060532 0.000000 0.024144 0.999619 0.013376 14.550400 0.060198 -0.014809 0.998077 0.000000 0.000000 0.000000 0.000000 1.000000
0.998156 -0.023896 -0.055796 0.000000 0.024099 0.999705 0.002974 14.550400 0.055708 -0.004314 0.998438 0.000000 0.000000 0.000000 0.000000 1.000000
0.998258 -0.025992 -0.052967 0.000000 0.025936 0.999662 -0.001740 14.550400 0.052994 0.000363 0.998595 0.000000 0.000000 0.000000 0.000000 1.000000
0.998312 -0.028572 -0.050556 0.000000 0.028290 0.999580 -0.006278 14.550400 0.050714 0.004837 0.998701 -0.000000 0.000000 0.000000 0.000000 1.000000
0.998421 -0.031289 -0.046661 -0.000000 0.030688 0.999437 -0.013541 14.550400 0.047059 0.012087 0.998819 0.000000 0.000000 0.000000 0.000000 1.000000
0.998616 -0.034719 -0.039501 0.000000 0.034060 0.999271 -0.017231 14.550400 0.040070 0.015862 0.999071 0.000000 0.000000 0.000000 0.000000 1.000000
0.998970 -0.038261 -0.024380 -0.000000 0.037711 0.999032 -0.022642 14.550400 0.025222 0.021699 0.999446 0.000000 0.000000 0.000000 0.000000 1.000000
0.999304 -0.036903 -0.005510 0.000000 0.036737 0.998941 -0.027704 14.550400 0.006527 0.027482 0.999601 -0.000000 0.000000 0.000000 0.000000 1.000000
0.999561 -0.028097 0.009396 0.000000 0.028366 0.999153 -0.029799 14.550400 -0.008551 0.030053 0.999512 0.000000 0.000000 0.000000 0.000000 1.000000
0.999674 -0.015719 0.020105 0.000000 0.016281 0.999472 -0.028117 14.550400 -0.019653 0.028436 0.999402 -0.000000 0.000000 0.000000 0.000000 1.000000</float_array>
        <technique_common>
          <accessor source="#mixamorig_Spine2-Matrix-animation-output-transform-array" count="26" stride="16">
            <param type="float4x4"/>
          </accessor>
        </technique_common>
      </source>
      <source id="mixamorig_Spine2-Interpolations">
        <Name_array id="mixamorig_Spine2-Interpolations-array" count="26">
 LINEAR LINEAR LINEAR LINEAR LINEAR LINEAR LINEAR LINEAR LINEAR LINEAR LINEAR
LINEAR LINEAR LINEAR LINEAR LINEAR LINEAR LINEAR LINEAR LINEAR LINEAR LINEAR LINEAR
LINEAR LINEAR LINEAR</Name_array>
        <technique_common>
          <accessor source="#mixamorig_Spine2-Interpolations-array" count="26">
            <param type="name"/>
          </accessor>
        </technique_common>
      </source>
      <sampler id="mixamorig_Spine2-Matrix-animation-transform">
        <input semantic="INPUT" source="#mixamorig_Spine2-Matrix-animation-input"/>
        <input semantic="OUTPUT" source="#mixamorig_Spine2-Matrix-animation-output-transform"/>
        <input semantic="INTERPOLATION" source="#mixamorig_Spine2-Interpolations"/>
      </sampler>
      <channel source="#mixamorig_Spine2-Matrix-animation-transform" target="mixamorig_Spine2/matrix"/>
    </animation>
    <animation id="mixamorig_Neck-anim" name="mixamorig_Neck">
      <source id="mixamorig_Neck-Matrix-animation-input">
        <float_array id="mixamorig_Neck-Matrix-animation-input-array" count="26">

0.000000 0.033333 0.066667 0.100000 0.133333 0.166667 0.200000 0.233333 0.266667 0.300000 0.333333 0.366667 0.400000 0.433333 0.466667 0.500000
0.533333 0.566667 0.600000 0.633333 0.666667 0.700000 0.733333 0.766667 0.800000 0.833333</float_array>
        <technique_common>
          <accessor source="#mixamorig_Neck-Matrix-animation-input-array" count="26">
            <param name="TIME" type="float"/>
          </accessor>
        </technique_common>
      </source>
      <source id="mixamorig_Neck-Matrix-animation-output-transform">
        <float_array id="mixamorig_Neck-Matrix-animation-output-transform-array" count="416">

0.999978 0.001546 -0.006375 -0.000000 -0.002018 0.997204 -0.074704 16.369200 0.006242 0.074716 0.997185 0.000000 0.000000 0.000000 0.000000 1.000000
0.999968 -0.004109 -0.006857 0.000000 0.003572 0.997066 -0.076467 16.369200 0.007151 0.076440 0.997049 0.000000 0.000000 0.000000 0.000000 1.000000
0.999963 -0.006919 -0.005175 0.000000 0.006517 0.997243 -0.073919 16.369200 0.005672 0.073883 0.997251 0.000000 0.000000 0.000000 0.000000 1.000000
0.999862 -0.016065 -0.004262 0.000000 0.015722 0.997360 -0.070891 16.369200 0.005390 0.070814 0.997475 0.000000 0.000000 0.000000 0.000000 1.000000
0.999671 -0.025487 -0.003001 -0.000000 0.025222 0.997337 -0.068425 16.369200 0.004737 0.068327 0.997652 0.000000 0.000000 0.000000 0.000000 1.000000
0.999501 -0.031569 -0.001193 0.000000 0.031413 0.997156 -0.068501 16.369200 0.003353 0.068430 0.997650 -0.000000 0.000000 0.000000 0.000000 1.000000
0.999204 -0.039895 -0.000066 0.000000 0.039788 0.996631 -0.071725 16.369200 0.002927 0.071665 0.997424 0.000000 0.000000 0.000000 0.000000 1.000000
0.998777 -0.049420 0.001601 0.000000 0.049406 0.996137 -0.072592 16.369200 0.001993 0.072583 0.997360 -0.000000 0.000000 0.000000 0.000000 1.000000
0.998202 -0.059818 0.003915 -0.000000 0.059944 0.995546 -0.072762 16.369200 0.000455 0.072866 0.997342 -0.000000 0.000000 0.000000 0.000000 1.000000
0.997731 -0.066861 0.007875 0.000000 0.067242 0.995429 -0.067822 16.369200 -0.003304 0.068198 0.997666 0.000000 0.000000 0.000000 0.000000 1.000000
0.997473 -0.069872 0.012863 0.000000 0.070533 0.995625 -0.061292 16.369200 -0.008525 0.062044 0.998037 0.000000 0.000000 0.000000 0.000000 1.000000
0.997489 -0.068459 0.018130 -0.000000 0.069412 0.995871 -0.058507 16.369200 -0.014049 0.059619 0.998122 -0.000000 0.000000 0.000000 0.000000 1.000000
0.997804 -0.061930 0.023500 0.000000 0.063289 0.996048 -0.062313 16.369200 -0.019548 0.063663 0.997780 0.000000 0.000000 0.000000 0.000000 1.000000
0.998174 -0.053326 0.028361 -0.000000 0.055181 0.996075 -0.069210 16.369200 -0.024559 0.070648 0.997199 0.000000 0.000000 0.000000 0.000000 1.000000
0.998491 -0.043931 0.032960 0.000000 0.046267 0.996198 -0.073813 16.369200 -0.029592 0.075227 0.996727 -0.000000 0.000000 0.000000 0.000000 1.000000
0.998737 -0.034789 0.036252 0.000000 0.037408 0.996536 -0.074273 16.369200 -0.033543 0.075535 0.996579 0.000000 0.000000 0.000000 0.000000 1.000000
0.998980 -0.024395 0.037996 0.000000 0.027101 0.997008 -0.072387 16.369200 -0.036116 0.073343 0.996653 0.000000 0.000000 0.000000 0.000000 1.000000
0.999165 -0.011830 0.039103 0.000000 0.014764 0.997027 -0.075621 16.369200 -0.038092 0.076135 0.996370 0.000000 0.000000 0.000000 0.000000 1.000000
0.999214 -0.002312 0.039578 -0.000000 0.005603 0.996515 -0.083229 16.369200 -0.039248 0.083385 0.995744 0.000000 0.000000 0.000000 0.000000 1.000000
0.999240 0.005402 0.038614 0.000000 -0.002025 0.996210 -0.086958 16.369200 -0.038937 0.086814 0.995463 0.000000 0.000000 0.000000 0.000000 1.000000
0.999312 0.012288 0.034993 0.000000 -0.009193 0.996144 -0.087253 16.369200 -0.035930 0.086871 0.995571 0.000000 0.000000 0.000000 0.000000 1.000000
0.999470 0.017158 0.027681 0.000000 -0.014761 0.996308 -0.084572 16.369200 -0.029030 0.084119 0.996033 -0.000000 0.000000 0.000000 0.000000 1.000000
0.999671 0.017862 0.018405 0.000000 -0.016349 0.996714 -0.079330 16.369200 -0.019762 0.079003 0.996678 -0.000000 0.000000 0.000000 0.000000 1.000000
0.999856 0.013991 0.009655 0.000000 -0.013227 0.997087 -0.075122 16.369200 -0.010678 0.074983 0.997128 0.000000 0.000000 0.000000 0.000000 1.000000
0.999981 0.006147 0.000985 0.000000 -0.006058 0.997265 -0.073656 16.369200 -0.001435 0.073649 0.997283 -0.000000 0.000000 0.000000 0.000000 1.000000
0.999978 0.001546 -0.006375 -0.000000 -0.002018 0.997204 -0.074704 16.369200 0.006242 0.074716 0.997185 0.000000 0.000000 0.000000 0.000000 1.000000</float_array>
        <technique_common>
          <accessor source="#mixamorig_Neck-Matrix-animation-output-transform-array" count="26" stride="16">
            <param type="float4x4"/>
          </accessor>
        </technique_common>
      </source>
      <source id="mixamorig_Neck-Interpolations">
        <Name_array id="mixamorig_Neck-Interpolations-array" count="26">
 LINEAR LINEAR LINEAR LINEAR LINEAR LINEAR LINEAR LINEAR LINEAR LINEAR LINEAR
LINEAR LINEAR LINEAR LINEAR LINEAR LINEAR LINEAR LINEAR LINEAR LINEAR LINEAR LINEAR
LINEAR LINEAR LINEAR</Name_array>
        <technique_common>
          <accessor source="#mixamorig_Neck-Interpolations-array" count="26">
            <param type="name"/>
          </accessor>
        </technique_common>
      </source>
      <sampler id="mixamorig_Neck-Matrix-animation-transform">
        <input semantic="INPUT" source="#mixamorig_Neck-Matrix-animation-input"/>
        <input semantic="OUTPUT" source="#mixamorig_Neck-Matrix-animation-output-transform"/>
        <input semantic="INTERPOLATION" source="#mixamorig_Neck-Interpolations"/>
      </sampler>
      <channel source="#mixamorig_Neck-Matrix-animation-transform" target="mixamorig_Neck/matrix"/>
    </animation>
    <animation id="mixamorig_Head-anim" name="mixamorig_Head">
      <source id="mixamorig_Head-Matrix-animation-input">
        <float_array id="mixamorig_Head-Matrix-animation-input-array" count="26">

0.000000 0.033333 0.066667 0.100000 0.133333 0.166667 0.200000 0.233333 0.266667 0.300000 0.333333 0.366667 0.400000 0.433333 0.466667 0.500000
0.533333 0.566667 0.600000 0.633333 0.666667 0.700000 0.733333 0.766667 0.800000 0.833333</float_array>
        <technique_common>
          <accessor source="#mixamorig_Head-Matrix-animation-input-array" count="26">
            <param name="TIME" type="float"/>
          </accessor>
        </technique_common>
      </source>
      <source id="mixamorig_Head-Matrix-animation-output-transform">
        <float_array id="mixamorig_Head-Matrix-animation-output-transform-array" count="416">

0.994144 0.085348 -0.066287 0.000000 -0.064030 0.959338 0.274902 6.116700 0.087054 -0.269047 0.959185 2.423300 0.000000 0.000000 0.000000 1.000000
0.993506 0.074536 -0.085964 -0.000000 -0.049129 0.962510 0.266759 6.116700 0.102625 -0.260803 0.959922 2.423300 0.000000 0.000000 0.000000 1.000000
0.993123 0.062893 -0.098750 0.000000 -0.035052 0.964496 0.261759 6.116700 0.111707 -0.256498 0.960068 2.423300 0.000000 0.000000 0.000000 1.000000
0.992742 0.050461 -0.109169 0.000000 -0.019836 0.963988 0.265206 6.116700 0.118620 -0.261116 0.957991 2.423300 0.000000 0.000000 0.000000 1.000000
0.992455 0.037850 -0.116621 0.000000 -0.003846 0.960300 0.278943 6.116700 0.122549 -0.276390 0.953200 2.423300 0.000000 0.000000 0.000000 1.000000
0.992332 0.026463 -0.120737 -0.000000 0.009451 0.957708 0.287587 6.116700 0.123242 -0.286523 0.950114 2.423300 0.000000 0.000000 0.000000 1.000000
0.992353 0.014402 -0.122591 0.000000 0.022195 0.956161 0.291998 6.116700 0.121423 -0.292486 0.948530 2.423300 0.000000 0.000000 0.000000 1.000000
0.992451 0.002085 -0.122627 -0.000000 0.034688 0.954260 0.296960 6.116700 0.117637 -0.298972 0.946983 2.423300 0.000000 0.000000 0.000000 1.000000
0.993124 -0.009133 -0.116714 -0.000000 0.044147 0.952566 0.301112 6.116700 0.108427 -0.304194 0.946419 2.423300 0.000000 0.000000 0.000000 1.000000
0.994539 -0.018172 -0.102774 0.000000 0.049774 0.948109 0.314026 6.116700 0.091734 -0.317426 0.943836 2.423300 0.000000 0.000000 0.000000 1.000000
0.996157 -0.024870 -0.083985 -0.000000 0.051475 0.942016 0.331598 6.116700 0.070869 -0.334646 0.939675 2.423300 0.000000 0.000000 0.000000 1.000000
0.997665 -0.028455 -0.062092 -0.000000 0.047688 0.941018 0.334980 6.116700 0.048898 -0.337159 0.940177 2.423300 0.000000 0.000000 0.000000 1.000000
0.998875 -0.027119 -0.038900 -0.000000 0.038079 0.947598 0.317187 6.116700 0.028259 -0.318311 0.947565 2.423300 0.000000 0.000000 0.000000 1.000000
0.999648 -0.020938 -0.016289 0.000000 0.024688 0.958949 0.282503 6.116700 0.009705 -0.282806 0.959128 2.423300 0.000000 0.000000 0.000000 1.000000
0.999924 -0.011263 0.004954 -0.000000 0.009708 0.969536 0.244757 6.116700 -0.007560 -0.244690 0.969572 2.423300 0.000000 0.000000 0.000000 1.000000
0.999731 0.000385 0.023200 0.000000 -0.005657 0.973733 0.227624 6.116700 -0.022503 -0.227694 0.973473 2.423300 0.000000 0.000000 0.000000 1.000000
0.999168 0.014459 0.038133 -0.000000 -0.022624 0.974483 0.223316 6.116700 -0.033931 -0.223993 0.974000 2.423300 0.000000 0.000000 0.000000 1.000000
0.998275 0.031399 0.049607 0.000000 -0.041401 0.975596 0.215634 6.116700 -0.041626 -0.217316 0.975213 2.423300 0.000000 0.000000 0.000000 1.000000
0.997196 0.049429 0.056186 -0.000000 -0.060020 0.976709 0.206005 6.116700 -0.044695 -0.208799 0.976937 2.423300 0.000000 0.000000 0.000000 1.000000
0.996129 0.067293 0.056558 0.000000 -0.077467 0.976107 0.203010 6.116700 -0.041546 -0.206605 0.977542 2.423300 0.000000 0.000000 0.000000 1.000000
0.995305 0.084126 0.047867 0.000000 -0.092545 0.971993 0.216022 6.116700 -0.028353 -0.219438 0.975214 2.423300 0.000000 0.000000 0.000000 1.000000
0.994496 0.100393 0.029967 0.000000 -0.104692 0.963311 0.247128 6.116700 -0.004057 -0.248905 0.968519 2.423300 0.000000 0.000000 0.000000 1.000000
0.993574 0.112978 0.006836 0.000000 -0.110442 0.954511 0.276970 6.116700 0.024766 -0.275945 0.960854 2.423300 0.000000 0.000000 0.000000 1.000000
0.992942 0.117105 -0.018801 0.000000 -0.106768 0.951572 0.288291 6.116700 0.051651 -0.284249 0.957358 2.423300 0.000000 0.000000 0.000000 1.000000
0.993265 0.106861 -0.044791 0.000000 -0.089911 0.954665 0.283779 6.116700 0.073085 -0.277840 0.957843 2.423300 0.000000 0.000000 0.000000 1.000000
0.994146 0.085343 -0.066262 0.000000 -0.064032 0.959338 0.274902 6.116700 0.087029 -0.269049 0.959186 2.423300 0.000000 0.000000 0.000000 1.000000</float_array>
        <technique_common>
          <accessor source="#mixamorig_Head-Matrix-animation-output-transform-array" count="26" stride="16">
            <param type="float4x4"/>
          </accessor>
        </technique_common>
      </source>
      <source id="mixamorig_Head-Interpolations">
        <Name_array id="mixamorig_Head-Interpolations-array" count="26">
 LINEAR LINEAR LINEAR LINEAR LINEAR LINEAR LINEAR LINEAR LINEAR LINEAR LINEAR
LINEAR LINEAR LINEAR LINEAR LINEAR LINEAR LINEAR LINEAR LINEAR LINEAR LINEAR LINEAR
LINEAR LINEAR LINEAR</Name_array>
        <technique_common>
          <accessor source="#mixamorig_Head-Interpolations-array" count="26">
            <param type="name"/>
          </accessor>
        </technique_common>
      </source>
      <sampler id="mixamorig_Head-Matrix-animation-transform">
        <input semantic="INPUT" source="#mixamorig_Head-Matrix-animation-input"/>
        <input semantic="OUTPUT" source="#mixamorig_Head-Matrix-animation-output-transform"/>
        <input semantic="INTERPOLATION" source="#mixamorig_Head-Interpolations"/>
      </sampler>
      <channel source="#mixamorig_Head-Matrix-animation-transform" target="mixamorig_Head/matrix"/>
    </animation>
    <animation id="mixamorig_LeftShoulder-anim" name="mixamorig_LeftShoulder">
      <source id="mixamorig_LeftShoulder-Matrix-animation-input">
        <float_array id="mixamorig_LeftShoulder-Matrix-animation-input-array" count="26">

0.000000 0.033333 0.066667 0.100000 0.133333 0.166667 0.200000 0.233333 0.266667 0.300000 0.333333 0.366667 0.400000 0.433333 0.466667 0.500000
0.533333 0.566667 0.600000 0.633333 0.666667 0.700000 0.733333 0.766667 0.800000 0.833333</float_array>
        <technique_common>
          <accessor source="#mixamorig_LeftShoulder-Matrix-animation-input-array" count="26">
            <param name="TIME" type="float"/>
          </accessor>
        </technique_common>
      </source>
      <source id="mixamorig_LeftShoulder-Matrix-animation-output-transform">
        <float_array id="mixamorig_LeftShoulder-Matrix-animation-output-transform-array" count="416">

-0.130740 0.925362 -0.355827 7.670600 0.047474 -0.352652 -0.934549 14.260400 -0.990279 -0.139075 0.002175 -0.343700 0.000000 0.000000 0.000000 1.000000
-0.185032 0.918553 -0.349319 7.670600 0.049014 -0.346388 -0.936810 14.260400 -0.981509 -0.190461 0.019071 -0.343700 0.000000 0.000000 0.000000 1.000000
-0.252585 0.899557 -0.356368 7.670600 0.054716 -0.354442 -0.933476 14.260400 -0.966026 -0.255281 0.040307 -0.343700 0.000000 0.000000 0.000000 1.000000
-0.315779 0.883316 -0.346462 7.670600 0.056142 -0.347112 -0.936142 14.260400 -0.947170 -0.315065 0.060019 -0.343700 0.000000 0.000000 0.000000 1.000000
-0.360003 0.869484 -0.338223 7.670600 0.056509 -0.341543 -0.938166 14.260400 -0.931238 -0.356855 0.073823 -0.343700 0.000000 0.000000 0.000000 1.000000
-0.362676 0.865149 -0.346387 7.670600 0.059783 -0.349329 -0.935091 14.260400 -0.929996 -0.359843 0.074972 -0.343700 0.000000 0.000000 0.000000 1.000000
-0.339091 0.873919 -0.348257 7.670600 0.057706 -0.350170 -0.934907 14.260400 -0.938982 -0.337115 0.068309 -0.343700 0.000000 0.000000 0.000000 1.000000
-0.299920 0.889592 -0.344492 7.670600 0.051561 -0.345472 -0.937012 14.260400 -0.952570 -0.298791 0.057745 -0.343700 0.000000 0.000000 0.000000 1.000000
-0.248283 0.906105 -0.342534 7.670600 0.044957 -0.342447 -0.938461 14.260400 -0.967644 -0.248403 0.044288 -0.343700 0.000000 0.000000 0.000000 1.000000
-0.189362 0.914934 -0.356425 7.670600 0.041545 -0.355201 -0.933866 14.260400 -0.981028 -0.191646 0.029250 -0.343700 0.000000 0.000000 0.000000 1.000000
-0.109760 0.923709 -0.367035 7.670600 0.034915 -0.365455 -0.930174 14.260400 -0.993345 -0.114910 0.007861 -0.343700 0.000000 0.000000 0.000000 1.000000
-0.032532 0.933074 -0.358211 7.670600 0.025384 -0.357514 -0.933563 14.260400 -0.999148 -0.039463 -0.012054 -0.343700 0.000000 0.000000 0.000000 1.000000
0.033371 0.940745 -0.337468 7.670600 0.017280 -0.338149 -0.940934 14.260400 -0.999294 0.025569 -0.027541 -0.343700 0.000000 0.000000 0.000000 1.000000
0.095908 0.947050 -0.306429 7.670600 0.013049 -0.309018 -0.950967 14.260400 -0.995305 0.087207 -0.041995 -0.343700 0.000000 0.000000 0.000000 1.000000
0.135154 0.952784 -0.271911 7.670600 0.014140 -0.276256 -0.960980 14.260400 -0.990724 0.126035 -0.050810 -0.343700 0.000000 0.000000 0.000000 1.000000
0.148050 0.958951 -0.241857 7.670600 0.018040 -0.247129 -0.968815 14.260400 -0.988815 0.139070 -0.053887 -0.343700 0.000000 0.000000 0.000000 1.000000
0.142485 0.962936 -0.229025 7.670600 0.020502 -0.234208 -0.971970 14.260400 -0.989585 0.133796 -0.053114 -0.343700 0.000000 0.000000 0.000000 1.000000
0.116889 0.963877 -0.239328 7.670600 0.020305 -0.243249 -0.969751 14.260400 -0.992937 0.108494 -0.048005 -0.343700 0.000000 0.000000 0.000000 1.000000
0.079235 0.964408 -0.252267 7.670600 0.020461 -0.254582 -0.966835 14.260400 -0.996646 0.071446 -0.039904 -0.343700 0.000000 0.000000 0.000000 1.000000
