<?xml version="1.0" encoding="utf-8"?>
<COLLADA xmlns="http://www.collada.org/2005/11/COLLADASchema" version="1.4.1">
  <asset>
    <contributor>
      <author>Mixamo</author>
      <authoring_tool>COLLADA Mixamo exporter</authoring_tool>
      <comments/>
    </contributor>
    <created>2022-09-30T16:13:54Z</created>
    <modified>2022-09-30T16:13:54Z</modified>
    <revision/>
    <title/>
    <unit meter="0.010000"/>
    <up_axis>Y_UP</up_axis>
  </asset>
  <library_animations>
    <animation id="mixamorig_Hips-anim" name="mixamorig_Hips">
      <source id="mixamorig_Hips-Matrix-animation-input">
        <float_array id="mixamorig_Hips-Matrix-animation-input-array" count="299">

0.000000 0.033333 0.066667 0.100000 0.133333 0.166667 0.200000 0.233333 0.266667 0.300000 0.333333 0.366667 0.400000 0.433333 0.466667 0.500000
0.533333 0.566667 0.600000 0.633333 0.666667 0.700000 0.733333 0.766667 0.800000 0.833333 0.866667 0.900000 0.933333 0.966667 1.000000 1.033333
1.066667 1.100000 1.133333 1.166667 1.200000 1.233333 1.266667 1.300000 1.333333 1.366667 1.400000 1.433333 1.466667 1.500000 1.533333 1.566667
1.600000 1.633333 1.666667 1.700000 1.733333 1.766667 1.800000 1.833333 1.866667 1.900000 1.933333 1.966667 2.000000 2.033333 2.066667 2.100000
2.133333 2.166667 2.200000 2.233333 2.266667 2.300000 2.333333 2.366667 2.400000 2.433333 2.466667 2.500000 2.533333 2.566667 2.600000 2.633333
2.666667 2.700000 2.733333 2.766667 2.800000 2.833333 2.866667 2.900000 2.933333 2.966667 3.000000 3.033333 3.066667 3.100000 3.133333 3.166667
3.200000 3.233333 3.266667 3.300000 3.333333 3.366667 3.400000 3.433333 3.466667 3.500000 3.533333 3.566667 3.600000 3.633333 3.666667 3.700000
3.733333 3.766667 3.800000 3.833333 3.866667 3.900000 3.933333 3.966667 4.000000 4.033333 4.066667 4.100000 4.133333 4.166667 4.200000 4.233333
4.266667 4.300000 4.333333 4.366667 4.400000 4.433333 4.466667 4.500000 4.533333 4.566667 4.600000 4.633333 4.666667 4.700000 4.733333 4.766667
4.800000 4.833333 4.866667 4.900000 4.933333 4.966667 5.000000 5.033333 5.066667 5.100000 5.133333 5.166667 5.200000 5.233333 5.266667 5.300000
5.333333 5.366667 5.400000 5.433333 5.466667 5.500000 5.533333 5.566667 5.600000 5.633333 5.666667 5.700000 5.733333 5.766667 5.800000 5.833333
5.866667 5.900000 5.933333 5.966667 6.000000 6.033333 6.066667 6.100000 6.133333 6.166667 6.200000 6.233333 6.266667 6.300000 6.333333 6.366667
6.400000 6.433333 6.466667 6.500000 6.533333 6.566667 6.600000 6.633333 6.666667 6.700000 6.733333 6.766667 6.800000 6.833333 6.866667 6.900000
6.933333 6.966667 7.000000 7.033333 7.066667 7.100000 7.133333 7.166667 7.200000 7.233333 7.266667 7.300000 7.333333 7.366667 7.400000 7.433333
7.466667 7.500000 7.533333 7.566667 7.600000 7.633333 7.666667 7.700000 7.733333 7.766667 7.800000 7.833333 7.866667 7.900000 7.933333 7.966667
8.000000 8.033333 8.066667 8.100000 8.133333 8.166667 8.200000 8.233333 8.266667 8.300000 8.333333 8.366667 8.400000 8.433333 8.466667 8.500000
8.533333 8.566667 8.600000 8.633333 8.666667 8.700000 8.733333 8.766667 8.800000 8.833333 8.866667 8.900000 8.933333 8.966667 9.000000 9.033333
9.066667 9.100000 9.133333 9.166667 9.200000 9.233333 9.266667 9.300000 9.333333 9.366667 9.400000 9.433333 9.466667 9.500000 9.533333 9.566667
9.600000 9.633333 9.666667 9.700000 9.733333 9.766667 9.800000 9.833333 9.866667 9.900000 9.933333</float_array>
        <technique_common>
          <accessor source="#mixamorig_Hips-Matrix-animation-input-array" count="299">
            <param name="TIME" type="float"/>
          </accessor>
        </technique_common>
      </source>
      <source id="mixamorig_Hips-Matrix-animation-output-transform">
        <float_array id="mixamorig_Hips-Matrix-animation-output-transform-array" count="4784">

0.999816 0.019114 -0.001850 0.044467 -0.019058 0.999466 0.026546 94.671883 0.002357 -0.026506 0.999646 0.325228 0.000000 0.000000 0.000000 1.000000
0.999781 0.020821 -0.002119 0.217542 -0.020756 0.999421 0.026947 94.634567 0.002679 -0.026897 0.999635 0.290389 0.000000 0.000000 0.000000 1.000000
0.999747 0.022378 -0.002197 0.385150 -0.022309 0.999375 0.027410 94.605202 0.002809 -0.027354 0.999622 0.279313 0.000000 0.000000 0.000000 1.000000
0.999724 0.023414 -0.001783 0.534652 -0.023354 0.999330 0.028189 94.598778 0.002442 -0.028140 0.999601 0.333911 0.000000 0.000000 0.000000 1.000000
0.999705 0.024263 -0.001248 0.672356 -0.024217 0.999282 0.029145 94.585037 0.001954 -0.029106 0.999574 0.389682 0.000000 0.000000 0.000000 1.000000
0.999683 0.025153 -0.000562 0.799050 -0.025124 0.999229 0.030164 94.553238 0.001320 -0.030141 0.999545 0.443805 0.000000 0.000000 0.000000 1.000000
0.999656 0.026242 0.000243 0.914844 -0.026236 0.999170 0.031151 94.499527 0.000575 -0.031146 0.999515 0.494038 0.000000 0.000000 0.000000 1.000000
0.999620 0.027537 0.001078 1.019239 -0.027558 0.999106 0.032068 94.426765 -0.000194 -0.032086 0.999485 0.539709 0.000000 0.000000 0.000000 1.000000
0.999580 0.028905 0.001854 1.111435 -0.028950 0.999038 0.032924 94.341194 -0.000901 -0.032964 0.999456 0.581450 0.000000 0.000000 0.000000 1.000000
0.999542 0.030157 0.002527 1.190506 -0.030225 0.998974 0.033718 94.248871 -0.001508 -0.033779 0.999428 0.620133 0.000000 0.000000 0.000000 1.000000
0.999510 0.031154 0.003098 1.255431 -0.031243 0.998919 0.034427 94.153854 -0.002022 -0.034507 0.999402 0.656199 0.000000 0.000000 0.000000 1.000000
0.999486 0.031858 0.003579 1.305147 -0.031964 0.998875 0.035021 94.058334 -0.002459 -0.035117 0.999380 0.689552 0.000000 0.000000 0.000000 1.000000
0.999470 0.032320 0.003951 1.339327 -0.032440 0.998844 0.035485 93.962952 -0.002800 -0.035594 0.999362 0.719723 0.000000 0.000000 0.000000 1.000000
0.999458 0.032643 0.004159 1.359408 -0.032772 0.998820 0.035828 93.867683 -0.002984 -0.035945 0.999349 0.746006 0.000000 0.000000 0.000000 1.000000
0.999449 0.032923 0.004132 1.368567 -0.033051 0.998803 0.036071 93.772614 -0.002940 -0.036187 0.999341 0.767515 0.000000 0.000000 0.000000 1.000000
0.999441 0.033218 0.003831 1.370072 -0.033335 0.998787 0.036233 93.679077 -0.002623 -0.036340 0.999336 0.783270 0.000000 0.000000 0.000000 1.000000
0.999432 0.033541 0.003274 1.365697 -0.033638 0.998773 0.036345 93.590172 -0.002051 -0.036435 0.999334 0.792485 0.000000 0.000000 0.000000 1.000000
0.999422 0.033895 0.002551 1.355631 -0.033965 0.998758 0.036465 93.510139 -0.001312 -0.036531 0.999332 0.795175 0.000000 0.000000 0.000000 1.000000
0.999410 0.034288 0.001795 1.339591 -0.034330 0.998737 0.036677 93.442574 -0.000535 -0.036717 0.999326 0.792732 0.000000 0.000000 0.000000 1.000000
0.999395 0.034748 0.001121 1.317570 -0.034765 0.998708 0.037070 93.388611 0.000168 -0.037087 0.999312 0.788032 0.000000 0.000000 0.000000 1.000000
0.999377 0.035295 0.000584 1.289891 -0.035292 0.998666 0.037703 93.346634 0.000747 -0.037700 0.999289 0.784784 0.000000 0.000000 0.000000 1.000000
0.999354 0.035924 0.000176 1.256705 -0.035905 0.998610 0.038584 93.312881 0.001210 -0.038565 0.999255 0.786237 0.000000 0.000000 0.000000 1.000000
0.999330 0.036590 -0.000138 1.217972 -0.036556 0.998544 0.039668 93.281815 0.001590 -0.039636 0.999213 0.793775 0.000000 0.000000 0.000000 1.000000
0.999307 0.037213 -0.000404 1.173508 -0.037166 0.998473 0.040868 93.247025 0.001924 -0.040825 0.999164 0.806253 0.000000 0.000000 0.000000 1.000000
0.999289 0.037696 -0.000665 1.123034 -0.037634 0.998405 0.042077 93.204849 0.002250 -0.042022 0.999114 0.820703 0.000000 0.000000 0.000000 1.000000
0.999279 0.037957 -0.000965 1.066433 -0.037880 0.998347 0.043214 93.156998 0.002604 -0.043146 0.999065 0.834267 0.000000 0.000000 0.000000 1.000000
0.999278 0.037975 -0.001318 1.003689 -0.037880 0.998301 0.044274 93.110214 0.002997 -0.044193 0.999019 0.845906 0.000000 0.000000 0.000000 1.000000
0.999284 0.037799 -0.001701 0.935024 -0.037683 0.998261 0.045327 93.071991 0.003412 -0.045230 0.998971 0.856521 0.000000 0.000000 0.000000 1.000000
0.999293 0.037530 -0.002068 0.860851 -0.037394 0.998220 0.046450 93.045914 0.003808 -0.046340 0.998918 0.867540 0.000000 0.000000 0.000000 1.000000
0.999302 0.037273 -0.002367 0.781635 -0.037118 0.998174 0.047656 93.029541 0.004139 -0.047535 0.998861 0.879412 0.000000 0.000000 0.000000 1.000000
0.999308 0.037107 -0.002565 0.697688 -0.036937 0.998122 0.048871 93.015991 0.004373 -0.048742 0.998802 0.891044 0.000000 0.000000 0.000000 1.000000
0.999309 0.037061 -0.002659 0.609242 -0.036882 0.998068 0.049996 92.997986 0.004507 -0.049863 0.998746 0.900478 0.000000 0.000000 0.000000 1.000000
0.999308 0.037105 -0.002684 0.516257 -0.036920 0.998017 0.050985 92.972412 0.004571 -0.050851 0.998696 0.906003 0.000000 0.000000 0.000000 1.000000
0.999306 0.037154 -0.002692 0.418573 -0.036964 0.997969 0.051877 92.941704 0.004614 -0.051742 0.998650 0.906752 0.000000 0.000000 0.000000 1.000000
0.999308 0.037105 -0.002724 0.315962 -0.036910 0.997926 0.052745 92.911392 0.004676 -0.052608 0.998604 0.902609 0.000000 0.000000 0.000000 1.000000
0.999315 0.036898 -0.002791 0.208263 -0.036696 0.997886 0.053635 92.885811 0.004764 -0.053496 0.998557 0.893842 0.000000 0.000000 0.000000 1.000000
0.999328 0.036541 -0.002869 0.095693 -0.036331 0.997851 0.054525 92.865921 0.004856 -0.054384 0.998508 0.880908 0.000000 0.000000 0.000000 1.000000
0.999344 0.036092 -0.002923 -0.021464 -0.035875 0.997824 0.055324 92.850342 0.004913 -0.055183 0.998464 0.864438 0.000000 0.000000 0.000000 1.000000
0.999362 0.035597 -0.002930 -0.142968 -0.035377 0.997809 0.055907 92.837891 0.004914 -0.055767 0.998432 0.845135 0.000000 0.000000 0.000000 1.000000
0.999381 0.035064 -0.002903 -0.268656 -0.034846 0.997813 0.056162 92.828987 0.004866 -0.056026 0.998417 0.823495 0.000000 0.000000 0.000000 1.000000
0.999401 0.034482 -0.002876 -0.398556 -0.034267 0.997840 0.056048 92.825272 0.004803 -0.055915 0.998424 0.799564 0.000000 0.000000 0.000000 1.000000
0.999422 0.033869 -0.002870 -0.532475 -0.033657 0.997885 0.055604 92.828438 0.004747 -0.055475 0.998449 0.772829 0.000000 0.000000 0.000000 1.000000
0.999442 0.033281 -0.002869 -0.670184 -0.033073 0.997942 0.054936 92.837700 0.004692 -0.054810 0.998486 0.742367 0.000000 0.000000 0.000000 1.000000
0.999459 0.032764 -0.002841 -0.811434 -0.032562 0.998001 0.054159 92.850677 0.004610 -0.054037 0.998528 0.707139 0.000000 0.000000 0.000000 1.000000
0.999475 0.032290 -0.002771 -0.956179 -0.032096 0.998060 0.053350 92.864624 0.004489 -0.053233 0.998572 0.666260 0.000000 0.000000 0.000000 1.000000
0.999493 0.031727 -0.002691 -1.104850 -0.031542 0.998122 0.052515 92.879204 0.004352 -0.052404 0.998617 0.619154 0.000000 0.000000 0.000000 1.000000
0.999519 0.030899 -0.002651 -1.257896 -0.030721 0.998195 0.051613 92.897713 0.004241 -0.051506 0.998664 0.565933 0.000000 0.000000 0.000000 1.000000
0.999555 0.029705 -0.002654 -1.415601 -0.029532 0.998282 0.050610 92.925957 0.004153 -0.050509 0.998715 0.507966 0.000000 0.000000 0.000000 1.000000
0.999599 0.028207 -0.002597 -1.577640 -0.028044 0.998378 0.049548 92.968369 0.003990 -0.049455 0.998768 0.448121 0.000000 0.000000 0.000000 1.000000
0.999643 0.026609 -0.002289 -1.743186 -0.026467 0.998470 0.048541 93.024384 0.003577 -0.048463 0.998819 0.389976 0.000000 0.000000 0.000000 1.000000
0.999683 0.025134 -0.001562 -1.911379 -0.025031 0.998548 0.047704 93.087738 0.002759 -0.047650 0.998860 0.336128 0.000000 0.000000 0.000000 1.000000
0.999714 0.023897 -0.000399 -2.081760 -0.023852 0.998607 0.047067 93.148949 0.001523 -0.047044 0.998892 0.287149 0.000000 0.000000 0.000000 1.000000
0.999738 0.022868 0.001034 -2.254381 -0.022891 0.998654 0.046544 93.202446 0.000032 -0.046555 0.998916 0.241824 0.000000 0.000000 0.000000 1.000000
0.999757 0.021914 0.002479 -2.429635 -0.022005 0.998700 0.045983 93.249252 -0.001469 -0.046027 0.998939 0.198305 0.000000 0.000000 0.000000 1.000000
0.999775 0.020896 0.003738 -2.607666 -0.021043 0.998755 0.045239 93.295372 -0.002788 -0.045307 0.998969 0.155151 0.000000 0.000000 0.000000 1.000000
0.999794 0.019755 0.004742 -2.788536 -0.019945 0.998822 0.044237 93.346420 -0.003863 -0.044322 0.999010 0.111898 0.000000 0.000000 0.000000 1.000000
0.999813 0.018537 0.005526 -2.972662 -0.018758 0.998898 0.043020 93.403801 -0.004722 -0.043116 0.999059 0.069100 0.000000 0.000000 0.000000 1.000000
0.999831 0.017358 0.006124 -3.161019 -0.017599 0.998974 0.041733 93.464096 -0.005393 -0.041833 0.999110 0.027994 0.000000 0.000000 0.000000 1.000000
0.999845 0.016335 0.006519 -3.353865 -0.016587 0.999040 0.040558 93.521317 -0.005851 -0.040660 0.999156 -0.010105 0.000000 0.000000 0.000000 1.000000
0.999857 0.015510 0.006673 -3.550448 -0.015763 0.999090 0.039639 93.570358 -0.006052 -0.039738 0.999192 -0.044402 0.000000 0.000000 0.000000 1.000000
0.999869 0.014816 0.006589 -3.750060 -0.015063 0.999125 0.039023 93.609634 -0.006005 -0.039117 0.999217 -0.074885 0.000000 0.000000 0.000000 1.000000
0.999880 0.014105 0.006351 -3.952806 -0.014340 0.999150 0.038660 93.642731 -0.005801 -0.038747 0.999232 -0.101992 0.000000 0.000000 0.000000 1.000000
0.999894 0.013233 0.006071 -4.158998 -0.013457 0.999170 0.038456 93.676582 -0.005557 -0.038533 0.999242 -0.125787 0.000000 0.000000 0.000000 1.000000
0.999909 0.012139 0.005817 -4.368742 -0.012353 0.999188 0.038341 93.717545 -0.005347 -0.038409 0.999248 -0.145160 0.000000 0.000000 0.000000 1.000000
0.999926 0.010829 0.005578 -4.581662 -0.011035 0.999206 0.038290 93.768120 -0.005159 -0.038348 0.999251 -0.157901 0.000000 0.000000 0.000000 1.000000
0.999942 0.009328 0.005321 -4.797439 -0.009525 0.999221 0.038289 93.826874 -0.004960 -0.038337 0.999253 -0.161816 0.000000 0.000000 0.000000 1.000000
0.999958 0.007634 0.005073 -5.015758 -0.007823 0.999235 0.038322 93.890503 -0.004777 -0.038360 0.999253 -0.155877 0.000000 0.000000 0.000000 1.000000
0.999971 0.005739 0.004962 -5.236429 -0.005925 0.999246 0.038378 93.956871 -0.004738 -0.038406 0.999251 -0.140922 0.000000 0.000000 0.000000 1.000000
0.999980 0.003646 0.005151 -5.459163 -0.003841 0.999253 0.038458 94.026138 -0.005007 -0.038477 0.999247 -0.119487 0.000000 0.000000 0.000000 1.000000
0.999983 0.001390 0.005725 -5.683529 -0.001609 0.999255 0.038555 94.099823 -0.005667 -0.038564 0.999240 -0.094665 0.000000 0.000000 0.000000 1.000000
0.999978 -0.000972 0.006620 -5.909155 0.000716 0.999253 0.038648 94.179359 -0.006652 -0.038643 0.999231 -0.068661 0.000000 0.000000 0.000000 1.000000
0.999965 -0.003382 0.007664 -6.135596 0.003083 0.999245 0.038720 94.265503 -0.007789 -0.038695 0.999221 -0.041775 0.000000 0.000000 0.000000 1.000000
0.999945 -0.005806 0.008678 -6.362500 0.005465 0.999233 0.038774 94.358307 -0.008897 -0.038725 0.999210 -0.012343 0.000000 0.000000 0.000000 1.000000
0.999920 -0.008249 0.009553 -6.589709 0.007872 0.999215 0.038828 94.455795 -0.009866 -0.038749 0.999200 0.022472 0.000000 0.000000 0.000000 1.000000
0.999890 -0.010725 0.010264 -6.817014 0.010318 0.999190 0.038891 94.552696 -0.010673 -0.038780 0.999191 0.065432 0.000000 0.000000 0.000000 1.000000
0.999854 -0.013216 0.010842 -7.044040 0.012784 0.999159 0.038967 94.640678 -0.011348 -0.038823 0.999182 0.117780 0.000000 0.000000 0.000000 1.000000
0.999813 -0.015662 0.011315 -7.270321 0.015209 0.999121 0.039050 94.711403 -0.011917 -0.038871 0.999173 0.178092 0.000000 0.000000 0.000000 1.000000
0.999770 -0.018007 0.011676 -7.495243 0.017538 0.999081 0.039099 94.760529 -0.012370 -0.038885 0.999167 0.242509 0.000000 0.000000 0.000000 1.000000
0.999724 -0.020262 0.011910 -7.718637 0.019784 0.999042 0.039035 94.789726 -0.012690 -0.038788 0.999167 0.306026 0.000000 0.000000 0.000000 1.000000
0.999674 -0.022516 0.012061 -7.940497 0.022032 0.999004 0.038797 94.804718 -0.012922 -0.038519 0.999174 0.364241 0.000000 0.000000 0.000000 1.000000
0.999615 -0.024876 0.012281 -8.161028 0.024388 0.998965 0.038395 94.812317 -0.013223 -0.038081 0.999187 0.414522 0.000000 0.000000 0.000000 1.000000
0.999543 -0.027399 0.012793 -8.380187 0.026896 0.998919 0.037906 94.816086 -0.013818 -0.037544 0.999199 0.456443 0.000000 0.000000 0.000000 1.000000
0.999453 -0.030047 0.013784 -8.597658 0.029513 0.998863 0.037435 94.815254 -0.014893 -0.037008 0.999204 0.491614 0.000000 0.000000 0.000000 1.000000
0.999348 -0.032707 0.015291 -8.812723 0.032122 0.998796 0.037079 94.806122 -0.016485 -0.036564 0.999195 0.522749 0.000000 0.000000 0.000000 1.000000
0.999231 -0.035239 0.017196 -9.024638 0.034586 0.998720 0.036899 94.785393 -0.018474 -0.036276 0.999171 0.552320 0.000000 0.000000 0.000000 1.000000
0.999109 -0.037511 0.019326 -9.232675 0.036779 0.998641 0.036916 94.753197 -0.020685 -0.036173 0.999131 0.581643 0.000000 0.000000 0.000000 1.000000
0.998990 -0.039419 0.021563 -9.436161 0.038600 0.998565 0.037127 94.713974 -0.022995 -0.036257 0.999078 0.610698 0.000000 0.000000 0.000000 1.000000
0.998879 -0.040880 0.023866 -9.634279 0.039968 0.998497 0.037489 94.673645 -0.025363 -0.036493 0.999012 0.638126 0.000000 0.000000 0.000000 1.000000
0.998781 -0.041824 0.026226 -9.826544 0.040815 0.998447 0.037918 94.634865 -0.027772 -0.036802 0.998937 0.661754 0.000000 0.000000 0.000000 1.000000
0.998699 -0.042213 0.028598 -10.012890 0.041105 0.998421 0.038297 94.594986 -0.030170 -0.037072 0.998857 0.679119 0.000000 0.000000 0.000000 1.000000
0.998637 -0.042079 0.030874 -10.193213 0.040879 0.998421 0.038517 94.548492 -0.032446 -0.037203 0.998781 0.688191 0.000000 0.000000 0.000000 1.000000
0.998596 -0.041521 0.032898 -10.367593 0.040245 0.998447 0.038527 94.489487 -0.034447 -0.037149 0.998716 0.688121 0.000000 0.000000 0.000000 1.000000
0.998576 -0.040678 0.034511 -10.536325 0.039349 0.998489 0.038350 94.413864 -0.036019 -0.036937 0.998668 0.678965 0.000000 0.000000 0.000000 1.000000
0.998578 -0.039673 0.035602 -10.699538 0.038314 0.998540 0.038073 94.321083 -0.037061 -0.036655 0.998641 0.661571 0.000000 0.000000 0.000000 1.000000
0.998601 -0.038582 0.036165 -10.857328 0.037213 0.998592 0.037807 94.214867 -0.037573 -0.036409 0.998630 0.637474 0.000000 0.000000 0.000000 1.000000
0.998640 -0.037423 0.036311 -11.009816 0.036054 0.998640 0.037647 94.101639 -0.037671 -0.036287 0.998631 0.609094 0.000000 0.000000 0.000000 1.000000
0.998688 -0.036179 0.036227 -11.156691 0.034813 0.998684 0.037662 93.987381 -0.037542 -0.036351 0.998634 0.579859 0.000000 0.000000 0.000000 1.000000
0.998740 -0.034841 0.036112 -11.296771 0.033471 0.998721 0.037891 93.874092 -0.037386 -0.036634 0.998629 0.553451 0.000000 0.000000 0.000000 1.000000
0.998788 -0.033430 0.036129 -11.428948 0.032042 0.998751 0.038332 93.758072 -0.037365 -0.037128 0.998612 0.532214 0.000000 0.000000 0.000000 1.000000
0.998826 -0.032010 0.036368 -11.555175 0.030590 0.998773 0.038934 93.634064 -0.037570 -0.037776 0.998580 0.515774 0.000000 0.000000 0.000000 1.000000
0.998851 -0.030660 0.036844 -11.679585 0.029196 0.998788 0.039623 93.499245 -0.038014 -0.038501 0.998535 0.501312 0.000000 0.000000 0.000000 1.000000
0.998862 -0.029445 0.037515 -11.797910 0.027928 0.998796 0.040338 93.359192 -0.038658 -0.039244 0.998482 0.485412 0.000000 0.000000 0.000000 1.000000
0.998862 -0.028386 0.038314 -11.888939 0.026810 0.998797 0.041058 93.226593 -0.039433 -0.039984 0.998422 0.466144 0.000000 0.000000 0.000000 1.000000
0.998855 -0.027470 0.039155 -11.929939 0.025831 0.998793 0.041788 93.116890 -0.040256 -0.040729 0.998359 0.443939 0.000000 0.000000 0.000000 1.000000
0.998846 -0.026676 0.039941 -11.922067 0.024973 0.998783 0.042533 93.043076 -0.041027 -0.041486 0.998296 0.420922 0.000000 0.000000 0.000000 1.000000
0.998839 -0.025987 0.040561 -11.883547 0.024227 0.998769 0.043276 93.012543 -0.041636 -0.042243 0.998239 0.399413 0.000000 0.000000 0.000000 1.000000
0.998840 -0.025381 0.040912 -11.825857 0.023577 0.998754 0.043979 93.025658 -0.041977 -0.042964 0.998194 0.380750 0.000000 0.000000 0.000000 1.000000
0.998853 -0.024815 0.040941 -11.749038 0.022986 0.998742 0.044575 93.074852 -0.041996 -0.043582 0.998167 0.364936 0.000000 0.000000 0.000000 1.000000
0.998879 -0.024214 0.040682 -11.650874 0.022379 0.998737 0.044982 93.144844 -0.041720 -0.044021 0.998159 0.350997 0.000000 0.000000 0.000000 1.000000
0.998914 -0.023484 0.040236 -11.532021 0.021663 0.998747 0.045118 93.216415 -0.041245 -0.044197 0.998171 0.337390 0.000000 0.000000 0.000000 1.000000
0.998957 -0.022565 0.039702 -11.394419 0.020777 0.998775 0.044898 93.276108 -0.040666 -0.044027 0.998202 0.322160 0.000000 0.000000 0.000000 1.000000
0.999004 -0.021488 0.039115 -11.239863 0.019753 0.998826 0.044226 93.323372 -0.040019 -0.043409 0.998256 0.302756 0.000000 0.000000 0.000000 1.000000
0.999053 -0.020390 0.038446 -11.069838 0.018733 0.998900 0.042982 93.369926 -0.039280 -0.042221 0.998336 0.276012 0.000000 0.000000 0.000000 1.000000
0.999101 -0.019460 0.037654 -10.886138 0.017909 0.998995 0.041077 93.431641 -0.038415 -0.040365 0.998446 0.238866 0.000000 0.000000 0.000000 1.000000
0.999148 -0.018830 0.036738 -10.690468 0.017412 0.999106 0.038536 93.518265 -0.037431 -0.037863 0.998582 0.190061 0.000000 0.000000 0.000000 1.000000
0.999190 -0.018503 0.035726 -10.484107 0.017232 0.999219 0.035568 93.627815 -0.036356 -0.034924 0.998728 0.131743 0.000000 0.000000 0.000000 1.000000
0.999233 -0.018350 0.034601 -10.267883 0.017225 0.999323 0.032517 93.748726 -0.035175 -0.031896 0.998872 0.069324 0.000000 0.000000 0.000000 1.000000
0.999281 -0.018195 0.033262 -10.042332 0.017209 0.999411 0.029706 93.867416 -0.033783 -0.029112 0.999005 0.009074 0.000000 0.000000 0.000000 1.000000
0.999341 -0.017910 0.031568 -9.808192 0.017051 0.999482 0.027301 93.960167 -0.032041 -0.026745 0.999129 -0.044968 0.000000 0.000000 0.000000 1.000000
0.999414 -0.017465 0.029448 -9.566584 0.016722 0.999541 0.025281 94.036911 -0.029876 -0.024773 0.999247 -0.092202 0.000000 0.000000 0.000000 1.000000
0.999493 -0.016910 0.026987 -9.318710 0.016277 0.999591 0.023518 94.102318 -0.027373 -0.023067 0.999359 -0.134390 0.000000 0.000000 0.000000 1.000000
0.999569 -0.016302 0.024423 -9.066239 0.015768 0.999636 0.021888 94.158508 -0.024771 -0.021493 0.999462 -0.173494 0.000000 0.000000 0.000000 1.000000
0.999633 -0.015693 0.022079 -8.810557 0.015244 0.999677 0.020333 94.207832 -0.022391 -0.019989 0.999549 -0.210494 0.000000 0.000000 0.000000 1.000000
0.999681 -0.015106 0.020245 -8.553021 0.014724 0.999713 0.018876 94.252716 -0.020524 -0.018572 0.999617 -0.245144 0.000000 0.000000 0.000000 1.000000
0.999712 -0.014522 0.019094 -8.294865 0.014187 0.999745 0.017545 94.297173 -0.019344 -0.017269 0.999664 -0.276920 0.000000 0.000000 0.000000 1.000000
0.999729 -0.013925 0.018645 -8.037618 0.013622 0.999775 0.016269 94.347610 -0.018867 -0.016010 0.999694 -0.306502 0.000000 0.000000 0.000000 1.000000
0.999735 -0.013317 0.018766 -7.782694 0.013039 0.999805 0.014860 94.411049 -0.018961 -0.014612 0.999713 -0.335945 0.000000 0.000000 0.000000 1.000000
0.999735 -0.012696 0.019224 -7.530920 0.012444 0.999836 0.013134 94.491280 -0.019388 -0.012891 0.999729 -0.366861 0.000000 0.000000 0.000000 1.000000
0.999733 -0.011990 0.019765 -7.281857 0.011773 0.999869 0.011065 94.586037 -0.019895 -0.010830 0.999743 -0.398055 0.000000 0.000000 0.000000 1.000000
0.999734 -0.011085 0.020232 -7.034272 0.010908 0.999901 0.008847 94.686241 -0.020328 -0.008623 0.999756 -0.424892 0.000000 0.000000 0.000000 1.000000
0.999737 -0.009939 0.020651 -6.787057 0.009801 0.999929 0.006772 94.779465 -0.020717 -0.006568 0.999764 -0.441196 0.000000 0.000000 0.000000 1.000000
0.999738 -0.008673 0.021187 -6.539846 0.008568 0.999951 0.005056 94.853241 -0.021230 -0.004873 0.999763 -0.442152 0.000000 0.000000 0.000000 1.000000
0.999730 -0.007498 0.021976 -6.292707 0.007419 0.999966 0.003708 94.900146 -0.022003 -0.003544 0.999752 -0.426356 0.000000 0.000000 0.000000 1.000000
0.999715 -0.006540 0.022953 -6.045415 0.006483 0.999976 0.002558 94.921089 -0.022969 -0.002409 0.999733 -0.396036 0.000000 0.000000 0.000000 1.000000
0.999699 -0.005719 0.023846 -5.796891 0.005687 0.999983 0.001412 94.924911 -0.023853 -0.001276 0.999715 -0.355376 0.000000 0.000000 0.000000 1.000000
0.999692 -0.004796 0.024347 -5.545561 0.004792 0.999988 0.000227 94.923698 -0.024348 -0.000111 0.999704 -0.307927 0.000000 0.000000 0.000000 1.000000
0.999699 -0.003539 0.024292 -5.289841 0.003560 0.999993 -0.000830 94.928314 -0.024289 0.000916 0.999705 -0.255446 0.000000 0.000000 0.000000 1.000000
0.999717 -0.001884 0.023718 -5.028834 0.001920 0.999997 -0.001504 94.946800 -0.023715 0.001550 0.999718 -0.198909 0.000000 0.000000 0.000000 1.000000
0.999740 0.000033 0.022796 -4.762230 0.000004 0.999999 -0.001623 94.983391 -0.022796 0.001622 0.999739 -0.140081 0.000000 0.000000 0.000000 1.000000
0.999762 0.001971 0.021719 -4.490129 -0.001946 0.999997 -0.001191 95.036148 -0.021722 0.001148 0.999763 -0.082013 0.000000 0.000000 0.000000 1.000000
0.999781 0.003741 0.020597 -4.212457 -0.003734 0.999993 -0.000367 95.096657 -0.020598 0.000290 0.999788 -0.028281 0.000000 0.000000 0.000000 1.000000
0.999797 0.005311 0.019417 -3.928476 -0.005324 0.999986 0.000640 95.153679 -0.019413 -0.000744 0.999811 0.018204 0.000000 0.000000 0.000000 1.000000
0.999813 0.006809 0.018088 -3.636978 -0.006840 0.999975 0.001669 95.199135 -0.018076 -0.001793 0.999835 0.055676 0.000000 0.000000 0.000000 1.000000
0.999828 0.008391 0.016519 -3.336594 -0.008436 0.999961 0.002613 95.232330 -0.016496 -0.002752 0.999860 0.083040 0.000000 0.000000 0.000000 1.000000
0.999841 0.010144 0.014657 -3.026316 -0.010195 0.999942 0.003396 95.258293 -0.014622 -0.003545 0.999887 0.099436 0.000000 0.000000 0.000000 1.000000
0.999850 0.012071 0.012458 -2.705554 -0.012121 0.999919 0.003993 95.281837 -0.012409 -0.004144 0.999914 0.104632 0.000000 0.000000 0.000000 1.000000
0.999852 0.014140 0.009849 -2.373784 -0.014184 0.999889 0.004475 95.303558 -0.009784 -0.004614 0.999941 0.098991 0.000000 0.000000 0.000000 1.000000
0.999845 0.016275 0.006761 -2.030142 -0.016309 0.999855 0.004982 95.319450 -0.006679 -0.005092 0.999965 0.082742 0.000000 0.000000 0.000000 1.000000
0.999826 0.018363 0.003190 -1.673762 -0.018381 0.999815 0.005668 95.324547 -0.003085 -0.005725 0.999979 0.055385 0.000000 0.000000 0.000000 1.000000
0.999794 0.020292 -0.000776 -1.304656 -0.020286 0.999772 0.006638 95.315430 0.000911 -0.006621 0.999978 0.015991 0.000000 0.000000 0.000000 1.000000
0.999745 0.022021 -0.004983 -0.923017 -0.021981 0.999727 0.007933 95.291298 0.005156 -0.007822 0.999956 -0.034794 0.000000 0.000000 0.000000 1.000000
0.999679 0.023599 -0.009256 -0.530556 -0.023511 0.999678 0.009528 95.253082 0.009478 -0.009307 0.999912 -0.094900 0.000000 0.000000 0.000000 1.000000
0.999594 0.025118 -0.013446 -0.129615 -0.024966 0.999624 0.011342 95.202469 0.013726 -0.011002 0.999845 -0.161563 0.000000 0.000000 0.000000 1.000000
0.999493 0.026644 -0.017451 0.277362 -0.026415 0.999563 0.013253 95.140915 0.017797 -0.012785 0.999760 -0.233040 0.000000 0.000000 0.000000 1.000000
0.999377 0.028196 -0.021237 0.688039 -0.027878 0.999497 0.015102 95.070145 0.021652 -0.014501 0.999660 -0.309776 0.000000 0.000000 0.000000 1.000000
0.999248 0.029773 -0.024853 1.100052 -0.029362 0.999429 0.016746 94.992516 0.025337 -0.016004 0.999551 -0.393799 0.000000 0.000000 0.000000 1.000000
0.999102 0.031414 -0.028414 1.511057 -0.030907 0.999358 0.018113 94.911026 0.028965 -0.017219 0.999432 -0.486519 0.000000 0.000000 0.000000 1.000000
0.998935 0.033197 -0.032034 1.918794 -0.032592 0.999284 0.019238 94.828247 0.032650 -0.018174 0.999302 -0.587079 0.000000 0.000000 0.000000 1.000000
0.998742 0.035198 -0.035727 2.320933 -0.034490 0.999200 0.020237 94.744728 0.036411 -0.018979 0.999157 -0.692605 0.000000 0.000000 0.000000 1.000000
0.998523 0.037435 -0.039380 2.715271 -0.036618 0.999103 0.021249 94.657898 0.040140 -0.019776 0.998998 -0.799630 0.000000 0.000000 0.000000 1.000000
0.998286 0.039878 -0.042833 3.099043 -0.038946 0.998991 0.022386 94.562782 0.043682 -0.020679 0.998831 -0.905467 0.000000 0.000000 0.000000 1.000000
0.998037 0.042477 -0.046025 3.469603 -0.041419 0.998861 0.023706 94.452995 0.046980 -0.021753 0.998659 -1.008622 0.000000 0.000000 0.000000 1.000000
0.997773 0.045167 -0.049075 3.824173 -0.043969 0.998714 0.025225 94.323708 0.050151 -0.023012 0.998477 -1.107837 0.000000 0.000000 0.000000 1.000000
0.997488 0.047849 -0.052225 4.160034 -0.046490 0.998556 0.026928 94.175087 0.053438 -0.024432 0.998272 -1.201922 0.000000 0.000000 0.000000 1.000000
0.997175 0.050392 -0.055704 4.474463 -0.048847 0.998392 0.028765 94.016106 0.057064 -0.025963 0.998033 -1.290148 0.000000 0.000000 0.000000 1.000000
0.996835 0.052661 -0.059561 4.764558 -0.050903 0.998233 0.030663 93.858429 0.061071 -0.027534 0.997754 -1.372177 0.000000 0.000000 0.000000 1.000000
0.996482 0.054562 -0.063610 5.027500 -0.052572 0.998087 0.032540 93.702812 0.065264 -0.029081 0.997444 -1.447178 0.000000 0.000000 0.000000 1.000000
0.996143 0.056079 -0.067490 5.260820 -0.053856 0.997959 0.034316 93.580864 0.069277 -0.030549 0.997130 -1.513284 0.000000 0.000000 0.000000 1.000000
0.995846 0.057222 -0.070823 5.461981 -0.054783 0.997852 0.035918 93.488113 0.072726 -0.031889 0.996842 -1.567801 0.000000 0.000000 0.000000 1.000000
0.995618 0.057998 -0.073355 5.628785 -0.055378 0.997770 0.037262 93.412491 0.075353 -0.033036 0.996610 -1.608331 0.000000 0.000000 0.000000 1.000000
0.995471 0.058389 -0.075024 5.758874 -0.055638 0.997718 0.038251 93.343964 0.077086 -0.033903 0.996448 -1.634116 0.000000 0.000000 0.000000 1.000000
0.995403 0.058367 -0.075940 5.849186 -0.055542 0.997702 0.038799 93.280746 0.078030 -0.034402 0.996357 -1.646753 0.000000 0.000000 0.000000 1.000000
0.995400 0.057930 -0.076309 5.896308 -0.055086 0.997725 0.038863 93.228722 0.078387 -0.034480 0.996327 -1.649691 0.000000 0.000000 0.000000 1.000000
0.995446 0.057119 -0.076324 5.897485 -0.054303 0.997783 0.038477 93.197128 0.078353 -0.034157 0.996340 -1.646734 0.000000 0.000000 0.000000 1.000000
0.995528 0.056002 -0.076078 5.852261 -0.053249 0.997867 0.037751 93.193680 0.078030 -0.033531 0.996387 -1.640634 0.000000 0.000000 0.000000 1.000000
0.995644 0.054629 -0.075551 5.762475 -0.051961 0.997969 0.036838 93.222099 0.077410 -0.032752 0.996461 -1.632491 0.000000 0.000000 0.000000 1.000000
0.995799 0.053004 -0.074670 5.631039 -0.050436 0.998083 0.035874 93.281334 0.076428 -0.031958 0.996563 -1.621993 0.000000 0.000000 0.000000 1.000000
0.995994 0.051093 -0.073380 5.460656 -0.048633 0.998206 0.034935 93.366653 0.075033 -0.031227 0.996692 -1.608163 0.000000 0.000000 0.000000 1.000000
0.996229 0.048870 -0.071688 5.253684 -0.046525 0.998337 0.034026 93.471909 0.073231 -0.030562 0.996847 -1.590033 0.000000 0.000000 0.000000 1.000000
0.996493 0.046378 -0.069650 5.012630 -0.044156 0.998476 0.033104 93.590073 0.071079 -0.029913 0.997022 -1.567129 0.000000 0.000000 0.000000 1.000000
0.996769 0.043745 -0.067367 4.740397 -0.041656 0.998616 0.032113 93.713379 0.068678 -0.029203 0.997211 -1.539812 0.000000 0.000000 0.000000 1.000000
0.997036 0.041148 -0.065002 4.440229 -0.039198 0.998750 0.031005 93.833046 0.066196 -0.028365 0.997403 -1.509018 0.000000 0.000000 0.000000 1.000000
0.997276 0.038731 -0.062778 4.115146 -0.036918 0.998874 0.029780 93.941109 0.063861 -0.027381 0.997583 -1.475479 0.000000 0.000000 0.000000 1.000000
0.997473 0.036540 -0.060924 3.767885 -0.034855 0.998986 0.028492 94.032150 0.061904 -0.026296 0.997736 -1.438785 0.000000 0.000000 0.000000 1.000000
0.997625 0.034536 -0.059596 3.400670 -0.032960 0.999086 0.027227 94.104866 0.060481 -0.025198 0.997851 -1.397316 0.000000 0.000000 0.000000 1.000000
0.997735 0.032647 -0.058820 3.015779 -0.031158 0.999175 0.026049 94.162521 0.059622 -0.024157 0.997929 -1.349332 0.000000 0.000000 0.000000 1.000000
0.997813 0.030807 -0.058478 2.615486 -0.029388 0.999256 0.024973 94.213913 0.059203 -0.023200 0.997976 -1.294284 0.000000 0.000000 0.000000 1.000000
0.997878 0.028958 -0.058326 2.202286 -0.027597 0.999331 0.024003 94.269966 0.058982 -0.022342 0.998009 -1.233173 0.000000 0.000000 0.000000 1.000000
0.997946 0.027021 -0.058080 1.778543 -0.025712 0.999401 0.023168 94.338524 0.058671 -0.021627 0.998043 -1.168093 0.000000 0.000000 0.000000 1.000000
0.998033 0.024915 -0.057522 1.346620 -0.023652 0.999466 0.022527 94.419540 0.058052 -0.021122 0.998090 -1.101498 0.000000 0.000000 0.000000 1.000000
0.998143 0.022605 -0.056571 0.908975 -0.021382 0.999526 0.022136 94.503845 0.057044 -0.020885 0.998153 -1.035534 0.000000 0.000000 0.000000 1.000000
0.998267 0.020141 -0.055301 0.468204 -0.018947 0.999578 0.022020 94.577362 0.055721 -0.020934 0.998227 -0.971300 0.000000 0.000000 0.000000 1.000000
0.998392 0.017627 -0.053884 0.027168 -0.016453 0.999619 0.022149 94.628944 0.054254 -0.021227 0.998302 -0.908578 0.000000 0.000000 0.000000 1.000000
0.998506 0.015159 -0.052493 -0.411287 -0.013997 0.999651 0.022421 94.655800 0.052815 -0.021653 0.998370 -0.846236 0.000000 0.000000 0.000000 1.000000
0.998606 0.012748 -0.051221 -0.844546 -0.011599 0.999676 0.022674 94.663239 0.051494 -0.022048 0.998430 -0.782941 0.000000 0.000000 0.000000 1.000000
0.998693 0.010337 -0.050053 -1.270410 -0.009207 0.999699 0.022760 94.661133 0.050274 -0.022269 0.998487 -0.717431 0.000000 0.000000 0.000000 1.000000
0.998773 0.007859 -0.048895 -1.686809 -0.006758 0.999721 0.022625 94.660255 0.049060 -0.022267 0.998548 -0.648623 0.000000 0.000000 0.000000 1.000000
0.998851 0.005306 -0.047632 -2.091226 -0.004246 0.999742 0.022319 94.667480 0.047739 -0.022091 0.998616 -0.576193 0.000000 0.000000 0.000000 1.000000
0.998930 0.002726 -0.046171 -2.480225 -0.001714 0.999758 0.021936 94.683449 0.046220 -0.021834 0.998693 -0.501418 0.000000 0.000000 0.000000 1.000000
0.999011 0.000159 -0.044466 -2.850501 0.000800 0.999768 0.021538 94.703690 0.044459 -0.021553 0.998779 -0.427573 0.000000 0.000000 0.000000 1.000000
0.999093 -0.002409 -0.042521 -3.201349 0.003309 0.999771 0.021120 94.724098 0.042460 -0.021241 0.998872 -0.359205 0.000000 0.000000 0.000000 1.000000
0.999172 -0.005036 -0.040384 -3.535972 0.005873 0.999770 0.020629 94.745056 0.040271 -0.020849 0.998971 -0.300753 0.000000 0.000000 0.000000 1.000000
0.999242 -0.007753 -0.038141 -3.859525 0.008522 0.999763 0.020035 94.771935 0.037977 -0.020344 0.999072 -0.254957 0.000000 0.000000 0.000000 1.000000
0.999300 -0.010472 -0.035913 -4.175526 0.011173 0.999750 0.019385 94.811264 0.035702 -0.019773 0.999167 -0.221995 0.000000 0.000000 0.000000 1.000000
0.999343 -0.012986 -0.033850 -4.484264 0.013628 0.999730 0.018821 94.864868 0.033596 -0.019270 0.999250 -0.199750 0.000000 0.000000 0.000000 1.000000
0.999371 -0.015064 -0.032091 -4.784302 0.015663 0.999706 0.018497 94.926331 0.031803 -0.018988 0.999314 -0.184928 0.000000 0.000000 0.000000 1.000000
0.999390 -0.016599 -0.030717 -5.074743 0.017171 0.999682 0.018466 94.983177 0.030401 -0.018982 0.999358 -0.174548 0.000000 0.000000 0.000000 1.000000
0.999402 -0.017688 -0.029714 -5.356056 0.018247 0.999660 0.018647 95.023849 0.029374 -0.019178 0.999384 -0.166885 0.000000 0.000000 0.000000 1.000000
0.999407 -0.018579 -0.028990 -5.629386 0.019132 0.999638 0.018914 95.044075 0.028628 -0.019457 0.999401 -0.161447 0.000000 0.000000 0.000000 1.000000
0.999405 -0.019523 -0.028423 -5.895651 0.020073 0.999614 0.019207 95.048393 0.028037 -0.019767 0.999411 -0.158701 0.000000 0.000000 0.000000 1.000000
0.999397 -0.020644 -0.027905 -6.155297 0.021194 0.999584 0.019552 95.043320 0.027490 -0.020132 0.999419 -0.160102 0.000000 0.000000 0.000000 1.000000
0.999386 -0.021882 -0.027349 -6.408084 0.022433 0.999548 0.019993 95.035049 0.026899 -0.020595 0.999426 -0.168233 0.000000 0.000000 0.000000 1.000000
0.999379 -0.023044 -0.026675 -6.653404 0.023595 0.999511 0.020530 95.025864 0.026189 -0.021146 0.999433 -0.186509 0.000000 0.000000 0.000000 1.000000
0.999381 -0.023910 -0.025812 -6.890473 0.024457 0.999478 0.021102 95.013657 0.025293 -0.021720 0.999444 -0.217985 0.000000 0.000000 0.000000 1.000000
0.999399 -0.024338 -0.024698 -7.118833 0.024874 0.999457 0.021627 94.993042 0.024158 -0.022228 0.999461 -0.263867 0.000000 0.000000 0.000000 1.000000
0.999433 -0.024316 -0.023298 -7.338416 0.024830 0.999448 0.022061 94.958359 0.022749 -0.022627 0.999485 -0.322683 0.000000 0.000000 0.000000 1.000000
0.999480 -0.023956 -0.021593 -7.549620 0.024440 0.999450 0.022431 94.907104 0.021044 -0.022947 0.999515 -0.390918 0.000000 0.000000 0.000000 1.000000
0.999534 -0.023438 -0.019569 -7.753072 0.023883 0.999454 0.022827 94.841537 0.019023 -0.023284 0.999548 -0.464573 0.000000 0.000000 0.000000 1.000000
0.999589 -0.022934 -0.017228 -7.949416 0.023334 0.999455 0.023344 94.768250 0.016684 -0.023737 0.999579 -0.540444 0.000000 0.000000 0.000000 1.000000
0.999639 -0.022532 -0.014605 -8.138988 0.022879 0.999450 0.024021 94.694542 0.014056 -0.024347 0.999605 -0.616582 0.000000 0.000000 0.000000 1.000000
0.999685 -0.022197 -0.011755 -8.321768 0.022483 0.999439 0.024809 94.625557 0.011198 -0.025065 0.999623 -0.691936 0.000000 0.000000 0.000000 1.000000
0.999724 -0.021806 -0.008700 -8.497352 0.022022 0.999430 0.025603 94.565414 0.008137 -0.025788 0.999634 -0.765668 0.000000 0.000000 0.000000 1.000000
0.999760 -0.021233 -0.005369 -8.665244 0.021367 0.999425 0.026317 94.518425 0.004807 -0.026425 0.999639 -0.836360 0.000000 0.000000 0.000000 1.000000
0.999790 -0.020427 -0.001604 -8.825375 0.020462 0.999428 0.026942 94.486320 0.001053 -0.026969 0.999636 -0.901963 0.000000 0.000000 0.000000 1.000000
0.999807 -0.019436 0.002757 -8.977861 0.019352 0.999433 0.027544 94.463356 -0.003291 -0.027485 0.999617 -0.960225 0.000000 0.000000 0.000000 1.000000
0.999801 -0.018376 0.007789 -9.123145 0.018149 0.999437 0.028220 94.435867 -0.008303 -0.028073 0.999571 -1.009468 0.000000 0.000000 0.000000 1.000000
0.999759 -0.017385 0.013405 -9.261633 0.016990 0.999433 0.029054 94.388893 -0.013903 -0.028819 0.999488 -1.049232 0.000000 0.000000 0.000000 1.000000
0.999675 -0.016581 0.019359 -9.393779 0.015995 0.999419 0.030084 94.315575 -0.019846 -0.029765 0.999360 -1.080433 0.000000 0.000000 0.000000 1.000000
0.999551 -0.016039 0.025317 -9.519847 0.015245 0.999395 0.031277 94.221970 -0.025803 -0.030877 0.999190 -1.105272 0.000000 0.000000 0.000000 1.000000
0.999395 -0.015777 0.030996 -9.640018 0.014768 0.999362 0.032521 94.123184 -0.031489 -0.032044 0.998990 -1.126859 0.000000 0.000000 0.000000 1.000000
0.999218 -0.015763 0.036268 -9.754203 0.014543 0.999328 0.033658 94.033394 -0.036774 -0.033105 0.998775 -1.148790 0.000000 0.000000 0.000000 1.000000
0.999025 -0.015934 0.041161 -9.862207 0.014515 0.999298 0.034547 93.960129 -0.041682 -0.033915 0.998555 -1.174436 0.000000 0.000000 0.000000 1.000000
0.998820 -0.016230 0.045770 -9.963923 0.014628 0.999276 0.035123 93.902420 -0.046307 -0.034412 0.998334 -1.205849 0.000000 0.000000 0.000000 1.000000
0.998603 -0.016624 0.050155 -10.059123 0.014856 0.999262 0.035423 93.854340 -0.050707 -0.034629 0.998113 -1.242921 0.000000 0.000000 0.000000 1.000000
0.998378 -0.017125 0.054293 -10.148000 0.015207 0.999252 0.035544 93.811218 -0.054861 -0.034661 0.997892 -1.283607 0.000000 0.000000 0.000000 1.000000
0.998153 -0.017723 0.058104 -10.230567 0.015671 0.999244 0.035579 93.771400 -0.058691 -0.034603 0.997676 -1.324882 0.000000 0.000000 0.000000 1.000000
0.997938 -0.018331 0.061509 -10.306638 0.016162 0.999236 0.035575 93.735413 -0.062114 -0.034507 0.997472 -1.363817 0.000000 0.000000 0.000000 1.000000
0.997742 -0.018784 0.064490 -10.375566 0.016517 0.999233 0.035516 93.704529 -0.065108 -0.034371 0.997286 -1.398456 0.000000 0.000000 0.000000 1.000000
0.997564 -0.018922 0.067140 -10.436646 0.016574 0.999238 0.035350 93.679939 -0.067758 -0.034152 0.997117 -1.427708 0.000000 0.000000 0.000000 1.000000
0.997398 -0.018691 0.069632 -10.489697 0.016280 0.999253 0.035037 93.663475 -0.070235 -0.033812 0.996957 -1.450379 0.000000 0.000000 0.000000 1.000000
0.997229 -0.018193 0.072133 -10.535490 0.015729 0.999278 0.034576 93.657799 -0.072710 -0.033346 0.996795 -1.464287 0.000000 0.000000 0.000000 1.000000
0.997050 -0.017616 0.074711 -10.575040 0.015108 0.999308 0.034001 93.665428 -0.075258 -0.032772 0.996625 -1.466529 0.000000 0.000000 0.000000 1.000000
