<?xml version="1.0" encoding="utf-8"?>
<COLLADA xmlns="http://www.collada.org/2005/11/COLLADASchema" version="1.4.1">
  <asset>
    <contributor>
      <author>Mixamo</author>
      <authoring_tool>COLLADA Mixamo exporter</authoring_tool>
      <comments/>
    </contributor>
    <created>2022-09-30T16:15:34Z</created>
    <modified>2022-09-30T16:15:34Z</modified>
    <revision/>
    <title/>
    <unit meter="0.010000"/>
    <up_axis>Y_UP</up_axis>
  </asset>
  <library_animations>
    <animation id="mixamorig_Hips-anim" name="mixamorig_Hips">
      <source id="mixamorig_Hips-Matrix-animation-input">
        <float_array id="mixamorig_Hips-Matrix-animation-input-array" count="22">

0.000000 0.033333 0.066667 0.100000 0.133333 0.166667 0.200000 0.233333 0.266667 0.300000 0.333333 0.366667 0.400000 0.433333 0.466667 0.500000
0.533333 0.566667 0.600000 0.633333 0.666667 0.700000</float_array>
        <technique_common>
          <accessor source="#mixamorig_Hips-Matrix-animation-input-array" count="22">
            <param name="TIME" type="float"/>
          </accessor>
        </technique_common>
      </source>
      <source id="mixamorig_Hips-Matrix-animation-output-transform">
        <float_array id="mixamorig_Hips-Matrix-animation-output-transform-array" count="352">

0.997190 0.054642 0.051245 -0.023827 -0.049609 0.994258 -0.094817 88.657097 -0.056132 0.092009 0.994175 0.432725 0.000000 0.000000 0.000000 1.000000
0.998625 0.032622 0.041029 0.446194 -0.028633 0.995131 -0.094307 90.694412 -0.043906 0.093003 0.994697 1.745002 0.000000 0.000000 0.000000 1.000000
0.998235 0.014681 0.057550 0.755387 -0.009554 0.996042 -0.088374 93.562752 -0.058620 0.087668 0.994423 2.808225 0.000000 0.000000 0.000000 1.000000
0.995204 -0.005173 0.097684 1.046978 0.013924 0.995924 -0.089116 95.678169 -0.096825 0.090049 0.991219 4.666837 0.000000 0.000000 0.000000 1.000000
0.994389 -0.004943 0.105667 1.108003 0.014861 0.995528 -0.093286 95.758636 -0.104733 0.094333 0.990016 6.438166 0.000000 0.000000 0.000000 1.000000
0.997121 0.002690 0.075785 1.392712 0.002670 0.997506 -0.070529 95.493645 -0.075785 0.070528 0.994627 7.106569 0.000000 0.000000 0.000000 1.000000
0.996433 0.001633 0.084376 1.490114 0.002578 0.998757 -0.049770 94.712646 -0.084352 0.049810 0.995190 7.532301 0.000000 0.000000 0.000000 1.000000
0.993141 -0.000582 0.116924 1.448671 0.005401 0.999149 -0.040895 93.260597 -0.116801 0.041246 0.992299 6.869836 0.000000 0.000000 0.000000 1.000000
0.993244 -0.006899 0.115836 1.138291 0.011325 0.999229 -0.037596 90.522942 -0.115487 0.038654 0.992557 5.133168 0.000000 0.000000 0.000000 1.000000
0.994984 -0.009200 0.099612 0.874663 0.014779 0.998354 -0.055414 87.692581 -0.098938 0.056608 0.993482 2.885185 0.000000 0.000000 0.000000 1.000000
0.995628 -0.007513 0.093108 0.411304 0.013565 0.997823 -0.064535 87.087387 -0.092420 0.065516 0.993562 1.205062 0.000000 0.000000 0.000000 1.000000
0.995166 0.026243 0.094638 0.276012 -0.019486 0.997241 -0.071624 88.803711 -0.096257 0.069434 0.992932 1.051547 0.000000 0.000000 0.000000 1.000000
0.996428 0.059972 0.059449 0.214198 -0.054473 0.994437 -0.090158 91.520172 -0.064525 0.086598 0.994152 1.754852 0.000000 0.000000 0.000000 1.000000
0.996723 0.080888 -0.000974 0.097773 -0.080383 0.989007 -0.124112 93.778366 -0.009076 0.123784 0.992268 2.274803 0.000000 0.000000 0.000000 1.000000
0.997104 0.074706 -0.014255 0.221145 -0.076005 0.985509 -0.151642 94.688461 0.002720 0.152286 0.988333 2.178887 0.000000 0.000000 0.000000 1.000000
0.998123 0.059931 -0.012622 0.302106 -0.061076 0.989318 -0.132362 94.292084 0.004554 0.132885 0.991121 2.911814 0.000000 0.000000 0.000000 1.000000
0.998571 0.050846 -0.016460 0.268028 -0.052373 0.992339 -0.111898 93.342941 0.010645 0.112600 0.993583 3.680234 0.000000 0.000000 0.000000 1.000000
0.998799 0.048920 -0.002748 0.188614 -0.048925 0.992705 -0.110200 91.706818 -0.002663 0.110202 0.993906 3.153545 0.000000 0.000000 0.000000 1.000000
0.998872 0.042393 0.021403 0.006886 -0.039837 0.993319 -0.108305 89.994423 -0.025852 0.107330 0.993887 2.679551 0.000000 0.000000 0.000000 1.000000
0.996706 0.064713 0.048883 -0.323602 -0.058954 0.992042 -0.111254 87.850525 -0.055694 0.108006 0.992589 1.024564 0.000000 0.000000 0.000000 1.000000
0.993406 0.089195 0.072036 -0.533376 -0.081732 0.991561 -0.100630 86.961243 -0.080404 0.094079 0.992313 0.080664 0.000000 0.000000 0.000000 1.000000
0.997190 0.054642 0.051245 -0.023827 -0.049609 0.994258 -0.094817 88.657097 -0.056132 0.092009 0.994175 0.432725 0.000000 0.000000 0.000000 1.000000</float_array>
        <technique_common>
          <accessor source="#mixamorig_Hips-Matrix-animation-output-transform-array" count="22" stride="16">
            <param type="float4x4"/>
          </accessor>
        </technique_common>
      </source>
      <source id="mixamorig_Hips-Interpolations">
        <Name_array id="mixamorig_Hips-Interpolations-array" count="22">
 LINEAR LINEAR LINEAR LINEAR LINEAR LINEAR LINEAR LINEAR LINEAR LINEAR LINEAR
LINEAR LINEAR LINEAR LINEAR LINEAR LINEAR LINEAR LINEAR LINEAR LINEAR LINEAR</Name_array>
        <technique_common>
          <accessor source="#mixamorig_Hips-Interpolations-array" count="22">
            <param type="name"/>
          </accessor>
        </technique_common>
      </source>
      <sampler id="mixamorig_Hips-Matrix-animation-transform">
        <input semantic="INPUT" source="#mixamorig_Hips-Matrix-animation-input"/>
        <input semantic="OUTPUT" source="#mixamorig_Hips-Matrix-animation-output-transform"/>
        <input semantic="INTERPOLATION" source="#mixamorig_Hips-Interpolations"/>
      </sampler>
      <channel source="#mixamorig_Hips-Matrix-animation-transform" target="mixamorig_Hips/matrix"/>
    </animation>
    <animation id="mixamorig_Spine-anim" name="mixamorig_Spine">
      <source id="mixamorig_Spine-Matrix-animation-input">
        <float_array id="mixamorig_Spine-Matrix-animation-input-array" count="22">

0.000000 0.033333 0.066667 0.100000 0.133333 0.166667 0.200000 0.233333 0.266667 0.300000 0.333333 0.366667 0.400000 0.433333 0.466667 0.500000
0.533333 0.566667 0.600000 0.633333 0.666667 0.700000</float_array>
        <technique_common>
          <accessor source="#mixamorig_Spine-Matrix-animation-input-array" count="22">
            <param name="TIME" type="float"/>
          </accessor>
        </technique_common>
      </source>
      <source id="mixamorig_Spine-Matrix-animation-output-transform">
        <float_array id="mixamorig_Spine-Matrix-animation-output-transform-array" count="352">

0.999385 -0.026560 0.022903 0.000800 0.028224 0.996734 -0.075658 9.226300 -0.020819 0.076258 0.996871 1.577100 0.000000 0.000000 0.000000 1.000000
0.998915 -0.015879 0.043791 0.000800 0.018860 0.997471 -0.068527 9.226300 -0.042592 0.069279 0.996688 1.577100 0.000000 0.000000 0.000000 1.000000
0.998126 -0.003438 0.061097 0.000800 0.007151 0.998133 -0.060653 9.226300 -0.060775 0.060976 0.996287 1.577100 0.000000 0.000000 0.000000 1.000000
0.997511 0.007806 0.070077 0.000800 -0.004312 0.998746 -0.049870 9.226300 -0.070378 0.049443 0.996294 1.577100 0.000000 0.000000 0.000000 1.000000
0.997057 0.014167 0.075342 0.000800 -0.011193 0.999147 -0.039756 9.226300 -0.075841 0.038796 0.996365 1.577100 0.000000 0.000000 0.000000 1.000000
0.997059 0.014914 0.075177 0.000800 -0.011809 0.999065 -0.041579 9.226300 -0.075727 0.040569 0.996303 1.577100 0.000000 0.000000 0.000000 1.000000
0.997495 0.015903 0.068932 0.000800 -0.012595 0.998760 -0.048170 9.226300 -0.069612 0.047181 0.996458 1.577100 0.000000 0.000000 0.000000 1.000000
0.998001 0.016317 0.061055 0.000800 -0.012810 0.998269 -0.057396 9.226300 -0.061886 0.056499 0.996483 1.577100 0.000000 0.000000 0.000000 1.000000
0.998367 0.021075 0.053089 0.000800 -0.017361 0.997433 -0.069464 9.226300 -0.054417 0.068429 0.996171 1.577100 0.000000 0.000000 0.000000 1.000000
0.999186 0.024702 0.031900 0.000800 -0.022167 0.996745 -0.077514 9.226300 -0.033711 0.076743 0.996481 1.577100 0.000000 0.000000 0.000000 1.000000
0.999708 0.024173 -0.000161 0.000800 -0.024102 0.996187 -0.083848 9.226300 -0.001867 0.083827 0.996479 1.577100 0.000000 0.000000 0.000000 1.000000
0.999529 0.008659 -0.029429 0.000800 -0.011130 0.996331 -0.084860 9.226300 0.028586 0.085148 0.995958 1.577100 0.000000 0.000000 0.000000 1.000000
0.998672 -0.013504 -0.049710 0.000800 0.009642 0.996975 -0.077122 9.226300 0.050601 0.076540 0.995782 1.577100 0.000000 0.000000 0.000000 1.000000
0.997468 -0.028009 -0.065370 0.000800 0.023601 0.997457 -0.067246 9.226300 0.067087 0.065533 0.995593 1.577100 0.000000 0.000000 0.000000 1.000000
0.996572 -0.035626 -0.074671 0.000800 0.031033 0.997606 -0.061804 9.226300 0.076694 0.059275 0.995291 1.577100 0.000000 0.000000 0.000000 1.000000
0.996540 -0.036178 -0.074832 0.000800 0.031110 0.997213 -0.067812 9.226300 0.077077 0.065249 0.994888 1.577100 0.000000 0.000000 0.000000 1.000000
0.997236 -0.035457 -0.065296 0.000800 0.030752 0.996951 -0.071709 9.226300 0.067639 0.069503 0.995286 1.577100 0.000000 0.000000 0.000000 1.000000
0.997478 -0.036155 -0.061080 0.000800 0.031631 0.996795 -0.073474 9.226300 0.063541 0.071356 0.995425 1.577100 0.000000 0.000000 0.000000 1.000000
0.997978 -0.035568 -0.052670 0.000800 0.031486 0.996580 -0.076405 9.226300 0.055208 0.074592 0.995685 1.577100 0.000000 0.000000 0.000000 1.000000
0.998629 -0.040071 -0.033676 0.000800 0.037227 0.996002 -0.081200 9.226300 0.036795 0.079835 0.996129 1.577100 0.000000 0.000000 0.000000 1.000000
0.998888 -0.045678 -0.011668 0.000800 0.044566 0.995608 -0.082332 9.226300 0.015378 0.081720 0.996537 1.577100 0.000000 0.000000 0.000000 1.000000
0.999385 -0.026560 0.022903 0.000800 0.028224 0.996734 -0.075658 9.226300 -0.020819 0.076258 0.996871 1.577100 0.000000 0.000000 0.000000 1.000000</float_array>
        <technique_common>
          <accessor source="#mixamorig_Spine-Matrix-animation-output-transform-array" count="22" stride="16">
            <param type="float4x4"/>
          </accessor>
        </technique_common>
      </source>
      <source id="mixamorig_Spine-Interpolations">
        <Name_array id="mixamorig_Spine-Interpolations-array" count="22">
 LINEAR LINEAR LINEAR LINEAR LINEAR LINEAR LINEAR LINEAR LINEAR LINEAR LINEAR
LINEAR LINEAR LINEAR LINEAR LINEAR LINEAR LINEAR LINEAR LINEAR LINEAR LINEAR</Name_array>
        <technique_common>
          <accessor source="#mixamorig_Spine-Interpolations-array" count="22">
            <param type="name"/>
          </accessor>
        </technique_common>
      </source>
      <sampler id="mixamorig_Spine-Matrix-animation-transform">
        <input semantic="INPUT" source="#mixamorig_Spine-Matrix-animation-input"/>
        <input semantic="OUTPUT" source="#mixamorig_Spine-Matrix-animation-output-transform"/>
        <input semantic="INTERPOLATION" source="#mixamorig_Spine-Interpolations"/>
      </sampler>
      <channel source="#mixamorig_Spine-Matrix-animation-transform" target="mixamorig_Spine/matrix"/>
    </animation>
    <animation id="mixamorig_Spine1-anim" name="mixamorig_Spine1">
      <source id="mixamorig_Spine1-Matrix-animation-input">
        <float_array id="mixamorig_Spine1-Matrix-animation-input-array" count="22">

0.000000 0.033333 0.066667 0.100000 0.133333 0.166667 0.200000 0.233333 0.266667 0.300000 0.333333 0.366667 0.400000 0.433333 0.466667 0.500000
0.533333 0.566667 0.600000 0.633333 0.666667 0.700000</float_array>
        <technique_common>
          <accessor source="#mixamorig_Spine1-Matrix-animation-input-array" count="22">
            <param name="TIME" type="float"/>
          </accessor>
        </technique_common>
      </source>
      <source id="mixamorig_Spine1-Matrix-animation-output-transform">
        <float_array id="mixamorig_Spine1-Matrix-animation-output-transform-array" count="352">

0.998355 -0.034490 0.045805 -0.000000 0.038403 0.995424 -0.087502 16.254801 -0.042578 0.089117 0.995111 0.000000 0.000000 0.000000 0.000000 1.000000
0.995990 -0.021702 0.086798 0.000000 0.028100 0.996922 -0.073185 16.254801 -0.084943 0.075330 0.993534 0.000000 0.000000 0.000000 0.000000 1.000000
0.992362 -0.008289 0.123079 -0.000000 0.015434 0.998243 -0.057209 16.254801 -0.122388 0.058671 0.990747 0.000000 0.000000 0.000000 0.000000 1.000000
0.989283 0.008921 0.145736 -0.000000 -0.003705 0.999344 -0.036024 16.254801 -0.145962 0.035098 0.988667 0.000000 0.000000 0.000000 0.000000 1.000000
0.986450 0.020300 0.162801 0.000000 -0.017865 0.999706 -0.016404 16.254801 -0.163086 0.013274 0.986523 0.000000 0.000000 0.000000 0.000000 1.000000
0.985806 0.021320 0.166526 0.000000 -0.018235 0.999633 -0.020037 16.254801 -0.166892 0.016716 0.985833 0.000000 0.000000 0.000000 0.000000 1.000000
0.987959 0.022864 0.153016 0.000000 -0.018009 0.999292 -0.033034 16.254801 -0.153663 0.029880 0.987671 0.000000 0.000000 0.000000 0.000000 1.000000
0.990749 0.025097 0.133364 0.000000 -0.018370 0.998508 -0.051430 16.254801 -0.134455 0.048504 0.989732 0.000000 0.000000 0.000000 0.000000 1.000000
0.993339 0.033167 0.110355 0.000000 -0.024894 0.996834 -0.075520 16.254801 -0.112510 0.072270 0.991019 0.000000 0.000000 0.000000 0.000000 1.000000
0.997490 0.034330 0.061921 0.000000 -0.028595 0.995419 -0.091229 16.254801 -0.064770 0.089229 0.993903 0.000000 0.000000 0.000000 0.000000 1.000000
0.999645 0.026507 -0.002537 -0.000000 -0.026627 0.994239 -0.103822 16.254801 -0.000229 0.103853 0.994593 -0.000000 0.000000 0.000000 0.000000 1.000000
0.998241 0.001938 -0.059256 0.000000 -0.008235 0.994310 -0.106209 16.254801 0.058712 0.106510 0.992577 0.000000 0.000000 0.000000 0.000000 1.000000
0.994546 -0.029448 -0.100060 0.000000 0.020305 0.995626 -0.091196 16.254801 0.102308 0.088667 0.990793 0.000000 0.000000 0.000000 0.000000 1.000000
0.989479 -0.049979 -0.135766 0.000000 0.040457 0.996582 -0.072018 16.254801 0.138902 0.065768 0.988120 -0.000000 0.000000 0.000000 0.000000 1.000000
0.985021 -0.063267 -0.160410 0.000000 0.053931 0.996624 -0.061903 16.254801 0.163785 0.052325 0.985107 -0.000000 0.000000 0.000000 0.000000 1.000000
0.983948 -0.064808 -0.166271 -0.000000 0.053096 0.995848 -0.073946 16.254801 0.170373 0.063931 0.983303 0.000000 0.000000 0.000000 0.000000 1.000000
0.986555 -0.064230 -0.150278 0.000000 0.052388 0.995297 -0.081477 16.254801 0.154805 0.072509 0.985281 0.000000 0.000000 0.000000 0.000000 1.000000
0.988146 -0.065915 -0.138643 0.000000 0.054449 0.994898 -0.084930 16.254801 0.143534 0.076374 0.986694 -0.000000 0.000000 0.000000 0.000000 1.000000
0.991318 -0.064424 -0.114621 0.000000 0.054172 0.994430 -0.090415 16.254801 0.119808 0.083421 0.989286 -0.000000 0.000000 0.000000 0.000000 1.000000
0.995337 -0.067341 -0.069057 0.000000 0.060308 0.993228 -0.099306 16.254801 0.075276 0.094679 0.992658 0.000000 0.000000 0.000000 0.000000 1.000000
0.997375 -0.068689 -0.022897 -0.000000 0.066047 0.992690 -0.101017 16.254801 0.029668 0.099240 0.994621 0.000000 0.000000 0.000000 0.000000 1.000000
0.998355 -0.034490 0.045805 -0.000000 0.038403 0.995424 -0.087502 16.254801 -0.042578 0.089117 0.995111 0.000000 0.000000 0.000000 0.000000 1.000000</float_array>
        <technique_common>
          <accessor source="#mixamorig_Spine1-Matrix-animation-output-transform-array" count="22" stride="16">
            <param type="float4x4"/>
          </accessor>
        </technique_common>
      </source>
      <source id="mixamorig_Spine1-Interpolations">
        <Name_array id="mixamorig_Spine1-Interpolations-array" count="22">
 LINEAR LINEAR LINEAR LINEAR LINEAR LINEAR LINEAR LINEAR LINEAR LINEAR LINEAR
LINEAR LINEAR LINEAR LINEAR LINEAR LINEAR LINEAR LINEAR LINEAR LINEAR LINEAR</Name_array>
        <technique_common>
          <accessor source="#mixamorig_Spine1-Interpolations-array" count="22">
            <param type="name"/>
          </accessor>
        </technique_common>
      </source>
      <sampler id="mixamorig_Spine1-Matrix-animation-transform">
        <input semantic="INPUT" source="#mixamorig_Spine1-Matrix-animation-input"/>
        <input semantic="OUTPUT" source="#mixamorig_Spine1-Matrix-animation-output-transform"/>
        <input semantic="INTERPOLATION" source="#mixamorig_Spine1-Interpolations"/>
      </sampler>
      <channel source="#mixamorig_Spine1-Matrix-animation-transform" target="mixamorig_Spine1/matrix"/>
    </animation>
    <animation id="mixamorig_Spine2-anim" name="mixamorig_Spine2">
      <source id="mixamorig_Spine2-Matrix-animation-input">
        <float_array id="mixamorig_Spine2-Matrix-animation-input-array" count="22">

0.000000 0.033333 0.066667 0.100000 0.133333 0.166667 0.200000 0.233333 0.266667 0.300000 0.333333 0.366667 0.400000 0.433333 0.466667 0.500000
0.533333 0.566667 0.600000 0.633333 0.666667 0.700000</float_array>
        <technique_common>
          <accessor source="#mixamorig_Spine2-Matrix-animation-input-array" count="22">
            <param name="TIME" type="float"/>
          </accessor>
        </technique_common>
      </source>
      <source id="mixamorig_Spine2-Matrix-animation-output-transform">
        <float_array id="mixamorig_Spine2-Matrix-animation-output-transform-array" count="352">

0.998355 -0.043265 0.037628 -0.000000 0.041851 0.998417 0.037576 13.700700 -0.039194 -0.035939 0.998585 -0.000000 0.000000 0.000000 0.000000 1.000000
0.995990 -0.039284 0.080384 -0.000000 0.035150 0.998017 0.052212 13.700700 -0.082276 -0.049177 0.995396 0.000000 0.000000 0.000000 0.000000 1.000000
0.992362 -0.033713 0.118662 0.000000 0.025681 0.997315 0.068578 13.700700 -0.120655 -0.065007 0.990564 -0.000000 0.000000 0.000000 0.000000 1.000000
0.989283 -0.021593 0.144403 -0.000000 0.008595 0.995901 0.090038 13.700700 -0.145756 -0.087832 0.985414 0.000000 0.000000 0.000000 0.000000 1.000000
0.986450 -0.014013 0.163462 0.000000 -0.004074 0.993946 0.109794 13.700700 -0.164011 -0.108972 0.980421 0.000000 0.000000 0.000000 0.000000 1.000000
0.985806 -0.013790 0.167318 0.000000 -0.004121 0.994333 0.106234 13.700700 -0.167835 -0.105416 0.980163 -0.000000 0.000000 0.000000 0.000000 1.000000
0.987959 -0.009470 0.154424 0.000000 -0.005011 0.995643 0.093115 13.700700 -0.154633 -0.092767 0.983607 0.000000 0.000000 0.000000 0.000000 1.000000
0.990749 -0.003197 0.135667 0.000000 -0.006987 0.997195 0.074527 13.700700 -0.135525 -0.074786 0.987947 0.000000 0.000000 0.000000 0.000000 1.000000
0.993339 0.009483 0.114841 0.000000 -0.015335 0.998623 0.050178 13.700700 -0.114207 -0.051605 0.992116 0.000000 0.000000 0.000000 0.000000 1.000000
0.997490 0.020696 0.067708 0.000000 -0.023041 0.999155 0.034040 13.700700 -0.066947 -0.035514 0.997124 -0.000000 0.000000 0.000000 0.000000 1.000000
0.999645 0.026455 0.003033 0.000000 -0.026513 0.999423 0.021208 13.700700 -0.002470 -0.021281 0.999770 0.000000 0.000000 0.000000 0.000000 1.000000
0.998241 0.014223 -0.057556 0.000000 -0.013148 0.999733 0.019016 13.700700 0.057811 -0.018226 0.998161 0.000000 0.000000 0.000000 0.000000 1.000000
0.994546 -0.007987 -0.103997 -0.000000 0.011621 0.999341 0.034381 13.700700 0.103654 -0.035402 0.993983 -0.000000 0.000000 0.000000 0.000000 1.000000
0.989479 -0.020641 -0.143194 -0.000000 0.028621 0.998137 0.053892 13.700700 0.141814 -0.057423 0.988226 0.000000 0.000000 0.000000 0.000000 1.000000
0.985021 -0.028511 -0.170062 0.000000 0.039953 0.997134 0.064242 13.700700 0.167743 -0.070074 0.983337 -0.000000 0.000000 0.000000 0.000000 1.000000
0.983948 -0.028799 -0.176116 0.000000 0.038566 0.997887 0.052289 13.700700 0.174238 -0.058242 0.982980 0.000000 0.000000 0.000000 0.000000 1.000000
0.986555 -0.031561 -0.160352 0.000000 0.039172 0.998240 0.044522 13.700700 0.158665 -0.050205 0.986055 0.000000 0.000000 0.000000 0.000000 1.000000
0.988146 -0.035630 -0.149323 -0.000000 0.042174 0.998273 0.040890 13.700700 0.147608 -0.046703 0.987943 0.000000 0.000000 0.000000 0.000000 1.000000
0.991318 -0.039168 -0.125516 0.000000 0.043894 0.998419 0.035110 13.700700 0.123943 -0.040314 0.991470 0.000000 0.000000 0.000000 0.000000 1.000000
0.995337 -0.051501 -0.081555 0.000000 0.053758 0.998223 0.025720 13.700700 0.080086 -0.029984 0.996337 0.000000 0.000000 0.000000 0.000000 1.000000
0.997375 -0.062422 -0.036686 0.000000 0.063315 0.997712 0.023699 13.700700 0.035122 -0.025960 0.999046 -0.000000 0.000000 0.000000 0.000000 1.000000
0.998355 -0.043265 0.037628 -0.000000 0.041851 0.998417 0.037576 13.700700 -0.039194 -0.035939 0.998585 -0.000000 0.000000 0.000000 0.000000 1.000000</float_array>
        <technique_common>
          <accessor source="#mixamorig_Spine2-Matrix-animation-output-transform-array" count="22" stride="16">
            <param type="float4x4"/>
          </accessor>
        </technique_common>
      </source>
      <source id="mixamorig_Spine2-Interpolations">
        <Name_array id="mixamorig_Spine2-Interpolations-array" count="22">
 LINEAR LINEAR LINEAR LINEAR LINEAR LINEAR LINEAR LINEAR LINEAR LINEAR LINEAR
LINEAR LINEAR LINEAR LINEAR LINEAR LINEAR LINEAR LINEAR LINEAR LINEAR LINEAR</Name_array>
        <technique_common>
          <accessor source="#mixamorig_Spine2-Interpolations-array" count="22">
            <param type="name"/>
          </accessor>
        </technique_common>
      </source>
      <sampler id="mixamorig_Spine2-Matrix-animation-transform">
        <input semantic="INPUT" source="#mixamorig_Spine2-Matrix-animation-input"/>
        <input semantic="OUTPUT" source="#mixamorig_Spine2-Matrix-animation-output-transform"/>
        <input semantic="INTERPOLATION" source="#mixamorig_Spine2-Interpolations"/>
      </sampler>
      <channel source="#mixamorig_Spine2-Matrix-animation-transform" target="mixamorig_Spine2/matrix"/>
    </animation>
    <animation id="mixamorig_Neck-anim" name="mixamorig_Neck">
      <source id="mixamorig_Neck-Matrix-animation-input">
        <float_array id="mixamorig_Neck-Matrix-animation-input-array" count="22">

0.000000 0.033333 0.066667 0.100000 0.133333 0.166667 0.200000 0.233333 0.266667 0.300000 0.333333 0.366667 0.400000 0.433333 0.466667 0.500000
0.533333 0.566667 0.600000 0.633333 0.666667 0.700000</float_array>
        <technique_common>
          <accessor source="#mixamorig_Neck-Matrix-animation-input-array" count="22">
            <param name="TIME" type="float"/>
          </accessor>
        </technique_common>
      </source>
      <source id="mixamorig_Neck-Matrix-animation-output-transform">
        <float_array id="mixamorig_Neck-Matrix-animation-output-transform-array" count="352">

0.998465 0.007578 -0.054859 0.000000 -0.016929 0.984939 -0.172071 14.544500 0.052729 0.172735 0.983556 -0.000000 0.000000 0.000000 0.000000 1.000000
0.996897 0.019106 -0.076368 0.000000 -0.031846 0.985056 -0.169265 14.544500 0.071993 0.171171 0.982607 -0.000000 0.000000 0.000000 0.000000 1.000000
0.994095 0.009509 -0.108098 0.000000 -0.029626 0.982092 -0.186056 14.544500 0.104393 0.188160 0.976575 0.000000 0.000000 0.000000 0.000000 1.000000
0.991786 0.010402 -0.127486 -0.000000 -0.036401 0.978428 -0.203356 14.544500 0.122621 0.206326 0.970770 0.000000 0.000000 0.000000 0.000000 1.000000
0.989549 -0.007670 -0.143991 0.000000 -0.028331 0.968780 -0.246299 14.544500 0.141385 0.247804 0.958438 -0.000000 0.000000 0.000000 0.000000 1.000000
0.989678 -0.025512 -0.141022 -0.000000 -0.014324 0.961490 -0.274466 14.544500 0.142594 0.273652 0.951200 0.000000 0.000000 0.000000 0.000000 1.000000
0.991888 -0.007039 -0.126921 0.000000 -0.027051 0.963907 -0.264862 14.544500 0.124204 0.266146 0.955897 -0.000000 0.000000 0.000000 0.000000 1.000000
0.992799 -0.005583 -0.119666 -0.000000 -0.025227 0.966770 -0.254399 14.544500 0.117110 0.255585 0.959667 0.000000 0.000000 0.000000 0.000000 1.000000
0.993754 -0.023327 -0.109125 0.000000 -0.001126 0.975762 -0.218831 14.544500 0.111585 0.217588 0.969641 -0.000000 0.000000 0.000000 0.000000 1.000000
0.996500 -0.027114 -0.079075 0.000000 0.011117 0.980518 -0.196115 14.544500 0.082852 0.194549 0.977387 -0.000000 0.000000 0.000000 0.000000 1.000000
0.999161 -0.012875 -0.038882 -0.000000 0.005337 0.982145 -0.188051 14.544500 0.040609 0.187686 0.981389 0.000000 0.000000 0.000000 0.000000 1.000000
0.999112 -0.036680 -0.020740 0.000000 0.032912 0.986648 -0.159507 14.544500 0.026314 0.158683 0.986979 0.000000 0.000000 0.000000 0.000000 1.000000
0.999287 0.021230 0.031232 0.000000 -0.015500 0.984721 -0.173450 14.544500 -0.034438 0.172842 0.984347 0.000000 0.000000 0.000000 0.000000 1.000000
0.997905 0.004525 0.064530 -0.000000 0.005072 0.989008 -0.147773 14.544500 -0.064490 0.147791 0.986914 0.000000 0.000000 0.000000 0.000000 1.000000
0.996212 0.005410 0.086785 -0.000000 0.005953 0.991477 -0.130148 14.544500 -0.086749 0.130172 0.987689 -0.000000 0.000000 0.000000 0.000000 1.000000
0.995232 0.013044 0.096665 -0.000000 -0.001151 0.992520 -0.122079 14.544500 -0.097534 0.121385 0.987802 0.000000 0.000000 0.000000 0.000000 1.000000
0.995988 0.021532 0.086862 0.000000 -0.008699 0.989321 -0.145494 14.544500 -0.089067 0.144155 0.985539 0.000000 0.000000 0.000000 0.000000 1.000000
0.996208 0.031453 0.081114 0.000000 -0.018414 0.987467 -0.156750 14.544500 -0.085027 0.154662 0.984302 0.000000 0.000000 0.000000 0.000000 1.000000
0.995684 0.055417 0.074449 0.000000 -0.043854 0.987889 -0.148835 14.544500 -0.081796 0.144928 0.986055 -0.000000 0.000000 0.000000 0.000000 1.000000
0.998210 0.047049 0.036935 0.000000 -0.041433 0.989235 -0.140349 14.544500 -0.043140 0.138567 0.989413 0.000000 0.000000 0.000000 0.000000 1.000000
0.999081 0.042799 -0.002174 0.000000 -0.042648 0.988028 -0.148259 14.544500 -0.004197 0.148216 0.988946 0.000000 0.000000 0.000000 0.000000 1.000000
0.998465 0.007578 -0.054859 0.000000 -0.016929 0.984939 -0.172071 14.544500 0.052729 0.172735 0.983556 -0.000000 0.000000 0.000000 0.000000 1.000000</float_array>
        <technique_common>
          <accessor source="#mixamorig_Neck-Matrix-animation-output-transform-array" count="22" stride="16">
            <param type="float4x4"/>
          </accessor>
        </technique_common>
      </source>
      <source id="mixamorig_Neck-Interpolations">
        <Name_array id="mixamorig_Neck-Interpolations-array" count="22">
 LINEAR LINEAR LINEAR LINEAR LINEAR LINEAR LINEAR LINEAR LINEAR LINEAR LINEAR
LINEAR LINEAR LINEAR LINEAR LINEAR LINEAR LINEAR LINEAR LINEAR LINEAR LINEAR</Name_array>
        <technique_common>
          <accessor source="#mixamorig_Neck-Interpolations-array" count="22">
            <param type="name"/>
          </accessor>
        </technique_common>
      </source>
      <sampler id="mixamorig_Neck-Matrix-animation-transform">
        <input semantic="INPUT" source="#mixamorig_Neck-Matrix-animation-input"/>
        <input semantic="OUTPUT" source="#mixamorig_Neck-Matrix-animation-output-transform"/>
        <input semantic="INTERPOLATION" source="#mixamorig_Neck-Interpolations"/>
      </sampler>
      <channel source="#mixamorig_Neck-Matrix-animation-transform" target="mixamorig_Neck/matrix"/>
    </animation>
    <animation id="mixamorig_Neck1-anim" name="mixamorig_Neck1">
      <source id="mixamorig_Neck1-Matrix-animation-input">
        <float_array id="mixamorig_Neck1-Matrix-animation-input-array" count="22">

0.000000 0.033333 0.066667 0.100000 0.133333 0.166667 0.200000 0.233333 0.266667 0.300000 0.333333 0.366667 0.400000 0.433333 0.466667 0.500000
0.533333 0.566667 0.600000 0.633333 0.666667 0.700000</float_array>
        <technique_common>
          <accessor source="#mixamorig_Neck1-Matrix-animation-input-array" count="22">
            <param name="TIME" type="float"/>
          </accessor>
        </technique_common>
      </source>
      <source id="mixamorig_Neck1-Matrix-animation-output-transform">
        <float_array id="mixamorig_Neck1-Matrix-animation-output-transform-array" count="352">

1.000000 -0.000000 -0.000000 0.000000 -0.000000 1.000000 -0.000000 4.340000 0.000000 -0.000000 1.000000 0.926900 0.000000 0.000000 0.000000 1.000000
1.000000 0.000000 -0.000000 0.000000 0.000000 1.000000 -0.000000 4.340000 0.000000 -0.000000 1.000000 0.926900 0.000000 0.000000 0.000000 1.000000
1.000000 0.000000 0.000000 0.000000 0.000000 1.000000 -0.000000 4.340000 0.000000 -0.000000 1.000000 0.926900 0.000000 0.000000 0.000000 1.000000
1.000000 0.000000 -0.000000 -0.000000 0.000000 1.000000 0.000000 4.340000 0.000000 0.000000 1.000000 0.926900 0.000000 0.000000 0.000000 1.000000
1.000000 -0.000000 -0.000000 -0.000000 -0.000000 1.000000 0.000000 4.340000 0.000000 0.000000 1.000000 0.926900 0.000000 0.000000 0.000000 1.000000
1.000000 0.000000 0.000000 0.000000 0.000000 1.000000 -0.000000 4.340000 -0.000000 -0.000000 1.000000 0.926900 0.000000 0.000000 0.000000 1.000000
1.000000 -0.000000 0.000000 0.000000 -0.000000 1.000000 0.000000 4.340000 0.000000 0.000000 1.000000 0.926900 0.000000 0.000000 0.000000 1.000000
1.000000 -0.000000 0.000000 0.000000 -0.000000 1.000000 0.000000 4.340000 0.000000 -0.000000 1.000000 0.926900 0.000000 0.000000 0.000000 1.000000
1.000000 0.000000 0.000000 0.000000 0.000000 1.000000 0.000000 4.340000 0.000000 -0.000000 1.000000 0.926900 0.000000 0.000000 0.000000 1.000000
1.000000 0.000000 -0.000000 0.000000 0.000000 1.000000 -0.000000 4.340000 0.000000 0.000000 1.000000 0.926900 0.000000 0.000000 0.000000 1.000000
1.000000 0.000000 -0.000000 0.000000 -0.000000 1.000000 0.000000 4.340000 0.000000 0.000000 1.000000 0.926900 0.000000 0.000000 0.000000 1.000000
1.000000 0.000000 0.000000 0.000000 0.000000 1.000000 0.000000 4.340000 0.000000 0.000000 1.000000 0.926900 0.000000 0.000000 0.000000 1.000000
1.000000 0.000000 0.000000 0.000000 0.000000 1.000000 -0.000000 4.340000 0.000000 -0.000000 1.000000 0.926900 0.000000 0.000000 0.000000 1.000000
1.000000 0.000000 0.000000 -0.000000 -0.000000 1.000000 0.000000 4.340000 -0.000000 -0.000000 1.000000 0.926900 0.000000 0.000000 0.000000 1.000000
1.000000 -0.000000 -0.000000 0.000000 0.000000 1.000000 0.000000 4.340000 0.000000 0.000000 1.000000 0.926900 0.000000 0.000000 0.000000 1.000000
1.000000 0.000000 0.000000 0.000000 -0.000000 1.000000 0.000000 4.340000 -0.000000 0.000000 1.000000 0.926900 0.000000 0.000000 0.000000 1.000000
1.000000 0.000000 -0.000000 0.000000 0.000000 1.000000 0.000000 4.340000 0.000000 -0.000000 1.000000 0.926900 0.000000 0.000000 0.000000 1.000000
1.000000 0.000000 0.000000 0.000000 -0.000000 1.000000 0.000000 4.340000 0.000000 0.000000 1.000000 0.926900 0.000000 0.000000 0.000000 1.000000
1.000000 0.000000 0.000000 0.000000 0.000000 1.000000 0.000000 4.340000 -0.000000 0.000000 1.000000 0.926900 0.000000 0.000000 0.000000 1.000000
1.000000 -0.000000 0.000000 0.000000 0.000000 1.000000 -0.000000 4.340000 0.000000 -0.000000 1.000000 0.926900 0.000000 0.000000 0.000000 1.000000
1.000000 -0.000000 0.000000 -0.000000 -0.000000 1.000000 0.000000 4.340000 0.000000 0.000000 1.000000 0.926900 0.000000 0.000000 0.000000 1.000000
1.000000 -0.000000 -0.000000 0.000000 -0.000000 1.000000 -0.000000 4.340000 0.000000 -0.000000 1.000000 0.926900 0.000000 0.000000 0.000000 1.000000</float_array>
        <technique_common>
          <accessor source="#mixamorig_Neck1-Matrix-animation-output-transform-array" count="22" stride="16">
            <param type="float4x4"/>
          </accessor>
        </technique_common>
      </source>
      <source id="mixamorig_Neck1-Interpolations">
        <Name_array id="mixamorig_Neck1-Interpolations-array" count="22">
 LINEAR LINEAR LINEAR LINEAR LINEAR LINEAR LINEAR LINEAR LINEAR LINEAR LINEAR
LINEAR LINEAR LINEAR LINEAR LINEAR LINEAR LINEAR LINEAR LINEAR LINEAR LINEAR</Name_array>
        <technique_common>
          <accessor source="#mixamorig_Neck1-Interpolations-array" count="22">
            <param type="name"/>
          </accessor>
        </technique_common>
      </source>
      <sampler id="mixamorig_Neck1-Matrix-animation-transform">
        <input semantic="INPUT" source="#mixamorig_Neck1-Matrix-animation-input"/>
        <input semantic="OUTPUT" source="#mixamorig_Neck1-Matrix-animation-output-transform"/>
        <input semantic="INTERPOLATION" source="#mixamorig_Neck1-Interpolations"/>
      </sampler>
      <channel source="#mixamorig_Neck1-Matrix-animation-transform" target="mixamorig_Neck1/matrix"/>
    </animation>
    <animation id="mixamorig_Head-anim" name="mixamorig_Head">
      <source id="mixamorig_Head-Matrix-animation-input">
        <float_array id="mixamorig_Head-Matrix-animation-input-array" count="22">

0.000000 0.033333 0.066667 0.100000 0.133333 0.166667 0.200000 0.233333 0.266667 0.300000 0.333333 0.366667 0.400000 0.433333 0.466667 0.500000
0.533333 0.566667 0.600000 0.633333 0.666667 0.700000</float_array>
        <technique_common>
          <accessor source="#mixamorig_Head-Matrix-animation-input-array" count="22">
            <param name="TIME" type="float"/>
          </accessor>
        </technique_common>
      </source>
      <source id="mixamorig_Head-Matrix-animation-output-transform">
        <float_array id="mixamorig_Head-Matrix-animation-output-transform-array" count="352">

0.987593 0.090815 -0.128109 -0.000000 -0.057729 0.968649 0.241632 4.026600 0.146036 -0.231238 0.961874 0.858500 0.000000 0.000000 0.000000 1.000000
0.975794 0.083797 -0.201999 0.000000 -0.042689 0.978893 0.199864 4.026600 0.214483 -0.186403 0.958776 0.858500 0.000000 0.000000 0.000000 1.000000
0.957954 0.084562 -0.274179 0.000000 -0.037339 0.984198 0.173088 4.026600 0.284483 -0.155573 0.945974 0.858500 0.000000 0.000000 0.000000 1.000000
0.940384 0.052648 -0.336014 0.000000 -0.015807 0.993644 0.111451 4.026600 0.339746 -0.099495 0.935240 0.858500 0.000000 0.000000 0.000000 1.000000
0.931204 0.051046 -0.360907 0.000000 -0.014226 0.994480 0.103953 4.026600 0.364222 -0.091667 0.926790 0.858500 0.000000 0.000000 0.000000 1.000000
0.942001 0.065988 -0.329058 -0.000000 -0.028125 0.992552 0.118530 4.026600 0.334429 -0.102400 0.936841 0.858500 0.000000 0.000000 0.000000 1.000000
0.944878 0.027019 -0.326307 0.000000 0.003490 0.995702 0.092554 4.026600 0.327405 -0.088591 0.940722 0.858500 0.000000 0.000000 0.000000 1.000000
0.945484 -0.009167 -0.325539 0.000000 0.043517 0.994196 0.098393 4.026600 0.322748 -0.107195 0.940395 0.858500 0.000000 0.000000 0.000000 1.000000
0.956296 -0.033052 -0.290527 0.000000 0.074930 0.988114 0.134227 4.026600 0.282637 -0.150130 0.947405 0.858500 0.000000 0.000000 0.000000 1.000000
0.972242 -0.061276 -0.225810 0.000000 0.110912 0.970474 0.214192 4.026600 0.206018 -0.233292 0.950332 0.858500 0.000000 0.000000 0.000000 1.000000
0.984650 -0.083840 -0.153088 0.000000 0.121702 0.958489 0.257850 4.026600 0.125115 -0.272523 0.953980 0.858500 0.000000 0.000000 0.000000 1.000000
0.996402 -0.054169 -0.065186 0.000000 0.069100 0.964549 0.254695 4.026600 0.049079 -0.258283 0.964822 0.858500 0.000000 0.000000 0.000000 1.000000
0.998550 -0.053496 0.005989 0.000000 0.050330 0.967300 0.248591 4.026600 -0.019092 -0.247929 0.968590 0.858500 0.000000 0.000000 0.000000 1.000000
0.991852 -0.027532 0.124383 0.000000 0.005423 0.984606 0.174702 4.026600 -0.127278 -0.172604 0.976733 0.858500 0.000000 0.000000 0.000000 1.000000
0.982253 -0.006468 0.187448 -0.000000 -0.024852 0.986105 0.164251 4.026600 -0.185906 -0.165995 0.968445 0.858500 0.000000 0.000000 0.000000 1.000000
0.978103 -0.001826 0.208115 0.000000 -0.036766 0.982719 0.181417 4.026600 -0.204850 -0.185096 0.961133 0.858500 0.000000 0.000000 0.000000 1.000000
0.980500 0.033284 0.193679 -0.000000 -0.072698 0.977071 0.200121 4.026600 -0.182577 -0.210298 0.960438 0.858500 0.000000 0.000000 0.000000 1.000000
0.982985 0.052703 0.175966 0.000000 -0.088757 0.974980 0.203804 4.026600 -0.160822 -0.215955 0.963068 0.858500 0.000000 0.000000 0.000000 1.000000
0.992033 0.037550 0.120252 0.000000 -0.063202 0.974073 0.217224 4.026600 -0.108977 -0.223094 0.968686 0.858500 0.000000 0.000000 0.000000 1.000000
0.996762 0.064214 0.048392 0.000000 -0.074679 0.962409 0.261135 4.026600 -0.029804 -0.263903 0.964089 0.858500 0.000000 0.000000 0.000000 1.000000
0.996117 0.077053 -0.042592 0.000000 -0.063277 0.962948 0.262160 4.026600 0.061214 -0.258447 0.964084 0.858500 0.000000 0.000000 0.000000 1.000000
0.987593 0.090815 -0.128109 -0.000000 -0.057729 0.968649 0.241632 4.026600 0.146036 -0.231238 0.961874 0.858500 0.000000 0.000000 0.000000 1.000000</float_array>
        <technique_common>
          <accessor source="#mixamorig_Head-Matrix-animation-output-transform-array" count="22" stride="16">
            <param type="float4x4"/>
          </accessor>
        </technique_common>
      </source>
      <source id="mixamorig_Head-Interpolations">
        <Name_array id="mixamorig_Head-Interpolations-array" count="22">
 LINEAR LINEAR LINEAR LINEAR LINEAR LINEAR LINEAR LINEAR LINEAR LINEAR LINEAR
LINEAR LINEAR LINEAR LINEAR LINEAR LINEAR LINEAR LINEAR LINEAR LINEAR LINEAR</Name_array>
        <technique_common>
          <accessor source="#mixamorig_Head-Interpolations-array" count="22">
            <param type="name"/>
          </accessor>
        </technique_common>
      </source>
      <sampler id="mixamorig_Head-Matrix-animation-transform">
        <input semantic="INPUT" source="#mixamorig_Head-Matrix-animation-input"/>
        <input semantic="OUTPUT" source="#mixamorig_Head-Matrix-animation-output-transform"/>
        <input semantic="INTERPOLATION" source="#mixamorig_Head-Interpolations"/>
      </sampler>
      <channel source="#mixamorig_Head-Matrix-animation-transform" target="mixamorig_Head/matrix"/>
    </animation>
    <animation id="mixamorig_LeftShoulder-anim" name="mixamorig_LeftShoulder">
      <source id="mixamorig_LeftShoulder-Matrix-animation-input">
        <float_array id="mixamorig_LeftShoulder-Matrix-animation-input-array" count="22">

0.000000 0.033333 0.066667 0.100000 0.133333 0.166667 0.200000 0.233333 0.266667 0.300000 0.333333 0.366667 0.400000 0.433333 0.466667 0.500000
0.533333 0.566667 0.600000 0.633333 0.666667 0.700000</float_array>
        <technique_common>
          <accessor source="#mixamorig_LeftShoulder-Matrix-animation-input-array" count="22">
            <param name="TIME" type="float"/>
          </accessor>
        </technique_common>
      </source>
      <source id="mixamorig_LeftShoulder-Matrix-animation-output-transform">
        <float_array id="mixamorig_LeftShoulder-Matrix-animation-output-transform-array" count="352">

-0.117856 0.961959 -0.246464 6.144200 0.348576 -0.192325 -0.917336 10.855400 -0.929841 -0.194025 -0.312649 -0.569600 0.000000 0.000000 0.000000 1.000000
-0.133209 0.962243 -0.237367 6.144200 0.347697 -0.178906 -0.920380 10.855400 -0.928096 -0.205134 -0.310737 -0.569600 0.000000 0.000000 0.000000 1.000000
-0.150854 0.962495 -0.225490 6.144200 0.346141 -0.162232 -0.924049 10.855400 -0.925975 -0.217447 -0.308686 -0.569600 0.000000 0.000000 0.000000 1.000000
-0.168033 0.962402 -0.213416 6.144200 0.344047 -0.145627 -0.927591 10.855400 -0.923795 -0.229291 -0.306641 -0.569600 0.000000 0.000000 0.000000 1.000000
-0.180468 0.961889 -0.205429 6.144200 0.342222 -0.134402 -0.929957 10.855400 -0.922126 -0.238130 -0.304924 -0.569600 0.000000 0.000000 0.000000 1.000000
-0.182701 0.961138 -0.206964 6.144200 0.342084 -0.135209 -0.929891 10.855400 -0.921737 -0.240691 -0.304087 -0.569600 0.000000 0.000000 0.000000 1.000000
-0.170734 0.960319 -0.220539 6.144200 0.344342 -0.151559 -0.926530 10.855400 -0.923189 -0.234131 -0.304802 -0.569600 0.000000 0.000000 0.000000 1.000000
-0.144738 0.959383 -0.242146 6.144200 0.347753 -0.179789 -0.920187 10.855400 -0.926347 -0.217392 -0.307606 -0.569600 0.000000 0.000000 0.000000 1.000000
-0.109836 0.958678 -0.262436 6.144200 0.350133 -0.209791 -0.912904 10.855400 -0.930238 -0.192157 -0.312623 -0.569600 0.000000 0.000000 0.000000 1.000000
-0.074102 0.959135 -0.273071 6.144200 0.350678 -0.231274 -0.907490 10.855400 -0.933560 -0.163007 -0.319209 -0.569600 0.000000 0.000000 0.000000 1.000000
-0.045528 0.961014 -0.272727 6.144200 0.350319 -0.240313 -0.905277 10.855400 -0.935523 -0.136757 -0.325721 -0.569600 0.000000 0.000000 0.000000 1.000000
